k index, k1, k2, k3, kmag/2pi, te band 1, te band 2, te band 3, te band 4, te band 5, te band 6, te band 7, te band 8
1, 0.5, 0, 0, 0.57735, 0.250033, 0.318561, 0.422479, 0.525433, 0.610094, 0.716257, 0.725243, 0.800247
2, 0.47619, 0, 0, 0.549857, 0.247746, 0.320626, 0.422743, 0.525476, 0.609516, 0.716854, 0.725008, 0.799679
3, 0.452381, 0, 0, 0.522365, 0.241571, 0.326126, 0.423538, 0.525606, 0.607827, 0.718603, 0.724317, 0.797995
4, 0.428571, 0, 0, 0.494872, 0.232807, 0.333736, 0.424883, 0.52582, 0.605142, 0.72138, 0.723203, 0.795255
5, 0.404762, 0, 0, 0.467379, 0.222474, 0.342397, 0.426806, 0.526115, 0.601622, 0.721715, 0.725015, 0.791555
6, 0.380952, 0, 0, 0.439886, 0.211178, 0.351442, 0.429347, 0.526484, 0.597438, 0.719915, 0.729311, 0.787021
7, 0.357143, 0, 0, 0.412393, 0.199262, 0.360455, 0.432552, 0.526922, 0.592754, 0.717868, 0.734059, 0.781813
8, 0.333333, 0, 0, 0.3849, 0.186924, 0.369155, 0.436471, 0.52742, 0.587716, 0.71564, 0.739012, 0.776154
9, 0.309524, 0, 0, 0.357407, 0.174284, 0.377347, 0.441135, 0.527969, 0.582447, 0.713295, 0.743763, 0.770447
10, 0.285714, 0, 0, 0.329914, 0.161421, 0.384899, 0.446545, 0.528557, 0.577054, 0.710892, 0.747267, 0.765747
11, 0.261905, 0, 0, 0.302422, 0.148385, 0.39175, 0.452644, 0.529174, 0.571631, 0.708485, 0.746994, 0.764606
12, 0.238095, 0, 0, 0.274929, 0.135214, 0.397897, 0.459316, 0.529805, 0.566262, 0.706123, 0.742366, 0.767631
13, 0.214286, 0, 0, 0.247436, 0.121936, 0.403383, 0.466387, 0.530437, 0.561026, 0.70385, 0.735926, 0.772315
14, 0.190476, 0, 0, 0.219943, 0.10857, 0.408271, 0.473647, 0.531056, 0.556005, 0.701707, 0.728987, 0.777388
15, 0.166667, 0, 0, 0.19245, 0.0951326, 0.412619, 0.480868, 0.531647, 0.551279, 0.699729, 0.722035, 0.782411
16, 0.142857, 0, 0, 0.164957, 0.0816382, 0.416464, 0.487812, 0.532196, 0.546938, 0.697947, 0.715347, 0.78717
17, 0.119048, 0, 0, 0.137464, 0.0680973, 0.419816, 0.494235, 0.532688, 0.543078, 0.69639, 0.709144, 0.791511
18, 0.0952381, 0, 0, 0.109971, 0.0545196, 0.422656, 0.49989, 0.53311, 0.5398, 0.695082, 0.703641, 0.795301
19, 0.0714286, 0, 0, 0.0824786, 0.0409136, 0.424946, 0.504536, 0.533452, 0.5372, 0.694043, 0.699052, 0.798415
20, 0.047619, 0, 0, 0.0549857, 0.0272869, 0.426636, 0.507968, 0.533703, 0.535351, 0.693289, 0.695586, 0.800739
21, 0.0238095, 0, 0, 0.0274929, 0.0136469, 0.427675, 0.510054, 0.533856, 0.534267, 0.692833, 0.693423, 0.802177
22, 0, 0, 0, 0, 0, 0.428026, 0.51075, 0.533905, 0.533918, 0.692676, 0.69269, 0.802664
23, 0.015873, 0.015873, 0, 0.0183286, 0.0091001, 0.427869, 0.510441, 0.533895, 0.53406, 0.692758, 0.693005, 0.802447
24, 0.031746, 0.031746, 0, 0.0366572, 0.0181982, 0.427404, 0.509515, 0.533826, 0.534532, 0.692962, 0.693981, 0.801801
25, 0.047619, 0.047619, 0, 0.0549857, 0.0272923, 0.426636, 0.507972, 0.533712, 0.535334, 0.6933, 0.695579, 0.800739
26, 0.0634921, 0.0634921, 0, 0.0733143, 0.0363804, 0.425579, 0.505829, 0.533555, 0.536479, 0.69377, 0.697757, 0.799283
27, 0.0793651, 0.0793651, 0, 0.0916429, 0.0454605, 0.424247, 0.503119, 0.533357, 0.537964, 0.694368, 0.700465, 0.797459
28, 0.0952381, 0.0952381, 0, 0.109971, 0.0545304, 0.422657, 0.499895, 0.533119, 0.539775, 0.695091, 0.703642, 0.7953
29, 0.111111, 0.111111, 0, 0.1283, 0.0635877, 0.420823, 0.496221, 0.532846, 0.54189, 0.695934, 0.707226, 0.792841
30, 0.126984, 0.126984, 0, 0.146629, 0.07263, 0.418757, 0.492167, 0.53254, 0.544279, 0.696891, 0.711153, 0.790117
31, 0.142857, 0.142857, 0, 0.164957, 0.0816547, 0.416469, 0.487808, 0.532205, 0.546912, 0.697955, 0.715359, 0.787167
32, 0.15873, 0.15873, 0, 0.183286, 0.0906588, 0.413963, 0.483216, 0.531845, 0.549759, 0.699119, 0.719781, 0.784032
33, 0.174603, 0.174603, 0, 0.201614, 0.0996391, 0.411236, 0.478464, 0.531464, 0.552792, 0.700374, 0.724355, 0.780753
34, 0.190476, 0.190476, 0, 0.219943, 0.108592, 0.408283, 0.473624, 0.531066, 0.555982, 0.701713, 0.72901, 0.777382
35, 0.206349, 0.206349, 0, 0.238272, 0.117514, 0.405091, 0.468766, 0.530655, 0.559304, 0.703125, 0.733663, 0.773985
36, 0.222222, 0.222222, 0, 0.2566, 0.126399, 0.401643, 0.463959, 0.530237, 0.562733, 0.7046, 0.738195, 0.770667
37, 0.238095, 0.238095, 0, 0.274929, 0.135244, 0.397919, 0.459269, 0.529814, 0.566246, 0.706126, 0.742396, 0.767624
38, 0.253968, 0.253968, 0, 0.293257, 0.14404, 0.393902, 0.454758, 0.529393, 0.569818, 0.707693, 0.745833, 0.765277
39, 0.269841, 0.269841, 0, 0.311586, 0.152781, 0.389575, 0.450478, 0.528976, 0.573426, 0.709286, 0.747678, 0.764441
40, 0.285714, 0.285714, 0, 0.329914, 0.161458, 0.384931, 0.446475, 0.528567, 0.577047, 0.710892, 0.747268, 0.765772
41, 0.301587, 0.301587, 0, 0.348243, 0.170058, 0.379973, 0.442781, 0.528171, 0.580654, 0.712497, 0.74515, 0.768714
42, 0.31746, 0.31746, 0, 0.366572, 0.178569, 0.374717, 0.439414, 0.527791, 0.584221, 0.714084, 0.742224, 0.772358
43, 0.333333, 0.333333, 0, 0.3849, 0.186971, 0.36919, 0.436383, 0.52743, 0.587719, 0.715637, 0.738988, 0.776204
44, 0.34127, 0.31746, 0, 0.381063, 0.185246, 0.370679, 0.436295, 0.528176, 0.586672, 0.71541, 0.739722, 0.775076
45, 0.349206, 0.301587, 0, 0.378741, 0.184253, 0.372305, 0.434689, 0.530152, 0.585272, 0.71548, 0.740282, 0.773681
46, 0.357143, 0.285714, 0, 0.377964, 0.184, 0.374025, 0.431793, 0.53313, 0.583563, 0.715817, 0.740667, 0.772149
47, 0.365079, 0.269841, 0, 0.378741, 0.184483, 0.375779, 0.427907, 0.536806, 0.581622, 0.716374, 0.740854, 0.770644
48, 0.373016, 0.253968, 0, 0.381063, 0.185687, 0.37747, 0.423364, 0.540832, 0.579584, 0.717093, 0.74079, 0.769357
49, 0.380952, 0.238095, 0, 0.3849, 0.187586, 0.378934, 0.418525, 0.544815, 0.577672, 0.717911, 0.740403, 0.768484
50, 0.388889, 0.222222, 0, 0.390209, 0.190144, 0.379883, 0.413826, 0.548256, 0.576264, 0.718769, 0.739624, 0.768195
51, 0.396825, 0.206349, 0, 0.396931, 0.193315, 0.379853, 0.409845, 0.550524, 0.575909, 0.719612, 0.738425, 0.768596
52, 0.404762, 0.190476, 0, 0.404995, 0.197047, 0.378273, 0.407233, 0.551097, 0.57708, 0.720399, 0.736837, 0.769704
53, 0.412698, 0.174603, 0, 0.414323, 0.20128, 0.374872, 0.406319, 0.550025, 0.579699, 0.721098, 0.734948, 0.771463
54, 0.420635, 0.15873, 0, 0.424832, 0.205949, 0.369953, 0.406843, 0.547825, 0.583239, 0.721688, 0.732868, 0.773775
55, 0.428571, 0.142857, 0, 0.436436, 0.21098, 0.364061, 0.408288, 0.545002, 0.587192, 0.722141, 0.730723, 0.776524
56, 0.436508, 0.126984, 0, 0.44905, 0.216291, 0.357644, 0.410234, 0.541899, 0.591224, 0.722407, 0.728655, 0.779596
57, 0.444444, 0.111111, 0, 0.462592, 0.221786, 0.351006, 0.412407, 0.538736, 0.595127, 0.722353, 0.726883, 0.782877
58, 0.452381, 0.0952381, 0, 0.476983, 0.227352, 0.344371, 0.414621, 0.535672, 0.59876, 0.721734, 0.725729, 0.786256
59, 0.460317, 0.0793651, 0, 0.492149, 0.232843, 0.337941, 0.416739, 0.532833, 0.602017, 0.720552, 0.725264, 0.789615
60, 0.468254, 0.0634921, 0, 0.508019, 0.238066, 0.331934, 0.418649, 0.530331, 0.604812, 0.719203, 0.725156, 0.792821
61, 0.47619, 0.047619, 0, 0.524531, 0.242762, 0.326624, 0.420252, 0.528263, 0.607071, 0.717988, 0.725165, 0.795713
62, 0.484127, 0.031746, 0, 0.541624, 0.246586, 0.32236, 0.421465, 0.526716, 0.608734, 0.717048, 0.725201, 0.798084
63, 0.492063, 0.015873, 0, 0.559247, 0.249132, 0.319549, 0.422222, 0.525757, 0.609751, 0.716457, 0.725231, 0.799678
64, 0.5, 0, 0, 0.57735, 0.250033, 0.318561, 0.422479, 0.525433, 0.610094, 0.716257, 0.725243, 0.800247
