k index, k1, k2, k3, kmag/2pi, zeven band 1, zeven band 2, zeven band 3, zeven band 4, zeven band 5, zeven band 6, zeven band 7, zeven band 8
1, 0.5, 0, 0, 0.57735, 0.273663, 0.33391, 0.421302, 0.490092, 0.562843, 0.564786, 0.592047, 0.592458
2, 0.47619, 0, 0, 0.549857, 0.271873, 0.335543, 0.421474, 0.48957, 0.546382, 0.566044, 0.580135, 0.594425
3, 0.452381, 0, 0, 0.522365, 0.266983, 0.339957, 0.421993, 0.487519, 0.528956, 0.539793, 0.59195, 0.594692
4, 0.428571, 0, 0, 0.494872, 0.259936, 0.346194, 0.422857, 0.48186, 0.513624, 0.513979, 0.588156, 0.60578
5, 0.404762, 0, 0, 0.467379, 0.251506, 0.353454, 0.424067, 0.469311, 0.487593, 0.505055, 0.58329, 0.594639
6, 0.380952, 0, 0, 0.439886, 0.242167, 0.361217, 0.425613, 0.45104, 0.461771, 0.501252, 0.577256, 0.579558
7, 0.357143, 0, 0, 0.412393, 0.23218, 0.369138, 0.427282, 0.430292, 0.436461, 0.499475, 0.564715, 0.568523
8, 0.333333, 0, 0, 0.3849, 0.221684, 0.376843, 0.408568, 0.410818, 0.430161, 0.498274, 0.550403, 0.554906
9, 0.309524, 0, 0, 0.357407, 0.210744, 0.380452, 0.386474, 0.39013, 0.432781, 0.496926, 0.53699, 0.5394
10, 0.285714, 0, 0, 0.329914, 0.199371, 0.359775, 0.364324, 0.39384, 0.435873, 0.494644, 0.523999, 0.525187
11, 0.261905, 0, 0, 0.302422, 0.187541, 0.33603, 0.342333, 0.400817, 0.439367, 0.490183, 0.509249, 0.51626
12, 0.238095, 0, 0, 0.274929, 0.175186, 0.312798, 0.320686, 0.407569, 0.443202, 0.482714, 0.495424, 0.5111
13, 0.214286, 0, 0, 0.247436, 0.162199, 0.290472, 0.299565, 0.413862, 0.4472, 0.473301, 0.482814, 0.508721
14, 0.190476, 0, 0, 0.219943, 0.148431, 0.269373, 0.279174, 0.419617, 0.450758, 0.463444, 0.472073, 0.507713
15, 0.166667, 0, 0, 0.19245, 0.133704, 0.249856, 0.259748, 0.424784, 0.45134, 0.453976, 0.465731, 0.50733
16, 0.142857, 0, 0, 0.164957, 0.117842, 0.232294, 0.241572, 0.429255, 0.445309, 0.446181, 0.466582, 0.507246
17, 0.119048, 0, 0, 0.137464, 0.100726, 0.217035, 0.224991, 0.432303, 0.437683, 0.440251, 0.470243, 0.507305
18, 0.0952381, 0, 0, 0.109971, 0.082348, 0.204348, 0.210417, 0.430387, 0.431256, 0.439438, 0.474175, 0.507425
19, 0.0714286, 0, 0, 0.0824786, 0.0628317, 0.194397, 0.198317, 0.425953, 0.426144, 0.441759, 0.477663, 0.507558
20, 0.047619, 0, 0, 0.0549857, 0.0424061, 0.187262, 0.189189, 0.42238, 0.422433, 0.443901, 0.480356, 0.507671
21, 0.0238095, 0, 0, 0.0274929, 0.0213593, 0.182974, 0.183488, 0.420161, 0.420183, 0.445312, 0.482042, 0.507746
22, 0, 0, 0, 0, 0, 0.18154, 0.18155, 0.419413, 0.419429, 0.445803, 0.482613, 0.507772
23, 0.015873, 0.015873, 0, 0.0183286, 0.0142593, 0.182186, 0.182406, 0.419749, 0.419761, 0.445583, 0.482361, 0.507847
24, 0.031746, 0.031746, 0, 0.0366572, 0.028426, 0.184093, 0.184976, 0.420754, 0.420756, 0.444936, 0.481606, 0.507814
25, 0.047619, 0.047619, 0, 0.0549857, 0.0424077, 0.187268, 0.189182, 0.422395, 0.42242, 0.443896, 0.480365, 0.50776
26, 0.0634921, 0.0634921, 0, 0.0733143, 0.056113, 0.19171, 0.194914, 0.424642, 0.424735, 0.442527, 0.478674, 0.507686
27, 0.0793651, 0.0793651, 0, 0.0916429, 0.0694541, 0.19741, 0.202039, 0.42741, 0.427684, 0.440935, 0.476588, 0.507603
28, 0.0952381, 0.0952381, 0, 0.109971, 0.0823518, 0.204354, 0.210411, 0.430414, 0.431244, 0.439414, 0.474187, 0.507515
29, 0.111111, 0.111111, 0, 0.1283, 0.0947414, 0.212516, 0.219882, 0.432424, 0.435389, 0.439168, 0.471581, 0.507433
30, 0.126984, 0.126984, 0, 0.146629, 0.10658, 0.221853, 0.230311, 0.43161, 0.440087, 0.441937, 0.468937, 0.507369
31, 0.142857, 0.142857, 0, 0.164957, 0.117849, 0.232299, 0.241566, 0.429272, 0.445297, 0.446164, 0.46658, 0.507341
32, 0.15873, 0.15873, 0, 0.183286, 0.128559, 0.243771, 0.253529, 0.426379, 0.450087, 0.450972, 0.465357, 0.507376
33, 0.174603, 0.174603, 0, 0.201614, 0.13874, 0.256168, 0.266093, 0.423148, 0.451761, 0.457047, 0.467038, 0.507513
34, 0.190476, 0.190476, 0, 0.219943, 0.148442, 0.269378, 0.279168, 0.419638, 0.450713, 0.463434, 0.472072, 0.507814
35, 0.206349, 0.206349, 0, 0.238272, 0.157717, 0.28329, 0.29267, 0.415869, 0.448435, 0.470004, 0.478967, 0.508383
36, 0.222222, 0.222222, 0, 0.2566, 0.16662, 0.297798, 0.306529, 0.411852, 0.4458, 0.476547, 0.486857, 0.509404
37, 0.238095, 0.238095, 0, 0.274929, 0.175201, 0.312802, 0.32068, 0.407603, 0.443119, 0.482721, 0.495423, 0.511191
38, 0.253968, 0.253968, 0, 0.293257, 0.183502, 0.32821, 0.335064, 0.403148, 0.440519, 0.488036, 0.504524, 0.514211
39, 0.269841, 0.269841, 0, 0.311586, 0.191557, 0.343922, 0.349628, 0.398532, 0.438058, 0.492044, 0.514072, 0.518885
40, 0.285714, 0.285714, 0, 0.329914, 0.199392, 0.359782, 0.364317, 0.393879, 0.435762, 0.494712, 0.523994, 0.525227
41, 0.301587, 0.301587, 0, 0.348243, 0.207023, 0.375068, 0.379078, 0.389886, 0.433647, 0.496404, 0.532853, 0.534208
42, 0.31746, 0.31746, 0, 0.366572, 0.214462, 0.381021, 0.39385, 0.395294, 0.431724, 0.497527, 0.541346, 0.544591
43, 0.333333, 0.333333, 0, 0.3849, 0.221711, 0.37689, 0.40856, 0.410813, 0.430033, 0.498376, 0.550416, 0.554884
44, 0.34127, 0.31746, 0, 0.381063, 0.220228, 0.378177, 0.405433, 0.407452, 0.429723, 0.498873, 0.548332, 0.552803
45, 0.349206, 0.301587, 0, 0.378741, 0.219367, 0.379592, 0.403414, 0.405528, 0.42808, 0.500662, 0.546743, 0.551638
46, 0.357143, 0.285714, 0, 0.377964, 0.21914, 0.38114, 0.402523, 0.405037, 0.425341, 0.503496, 0.545643, 0.551397
47, 0.365079, 0.269841, 0, 0.378741, 0.219543, 0.382834, 0.402698, 0.405913, 0.421901, 0.507052, 0.544984, 0.552054
48, 0.373016, 0.253968, 0, 0.381063, 0.220566, 0.384686, 0.403601, 0.408071, 0.418401, 0.510985, 0.544677, 0.553559
49, 0.380952, 0.238095, 0, 0.3849, 0.222183, 0.386668, 0.403988, 0.411446, 0.416322, 0.514922, 0.544661, 0.555842
50, 0.388889, 0.222222, 0, 0.390209, 0.224361, 0.388642, 0.401965, 0.415979, 0.417817, 0.518395, 0.545057, 0.558801
51, 0.396825, 0.206349, 0, 0.396931, 0.227057, 0.389995, 0.398601, 0.421438, 0.422653, 0.520823, 0.546277, 0.56231
52, 0.404762, 0.190476, 0, 0.404995, 0.230221, 0.388496, 0.397356, 0.427708, 0.429657, 0.521745, 0.548788, 0.566274
53, 0.412698, 0.174603, 0, 0.414323, 0.233796, 0.383877, 0.398967, 0.434933, 0.438102, 0.521197, 0.552636, 0.570696
54, 0.420635, 0.15873, 0, 0.424832, 0.237722, 0.378292, 0.401444, 0.443018, 0.447768, 0.519637, 0.55745, 0.575632
55, 0.428571, 0.142857, 0, 0.436436, 0.241932, 0.372435, 0.404161, 0.451803, 0.458543, 0.517579, 0.562787, 0.581137
56, 0.436508, 0.126984, 0, 0.44905, 0.246351, 0.366523, 0.406938, 0.46106, 0.470336, 0.515475, 0.568281, 0.587257
57, 0.444444, 0.111111, 0, 0.462592, 0.250897, 0.360676, 0.40968, 0.470413, 0.483065, 0.513823, 0.573647, 0.59402
58, 0.452381, 0.0952381, 0, 0.476983, 0.255469, 0.354999, 0.412312, 0.479132, 0.496649, 0.513406, 0.57867, 0.601388
59, 0.460317, 0.0793651, 0, 0.492149, 0.259947, 0.34961, 0.414758, 0.485888, 0.511003, 0.515579, 0.583188, 0.608728
60, 0.468254, 0.0634921, 0, 0.508019, 0.26417, 0.344657, 0.416936, 0.489487, 0.521446, 0.526137, 0.587045, 0.605534
61, 0.47619, 0.047619, 0, 0.524531, 0.26793, 0.340341, 0.41876, 0.490547, 0.530479, 0.541859, 0.589782, 0.596901
62, 0.484127, 0.031746, 0, 0.541624, 0.270961, 0.336919, 0.420143, 0.490499, 0.541116, 0.558176, 0.585334, 0.593693
63, 0.492063, 0.015873, 0, 0.559247, 0.27296, 0.334689, 0.421008, 0.49022, 0.552381, 0.574925, 0.575074, 0.59483
64, 0.5, 0, 0, 0.57735, 0.273663, 0.33391, 0.421302, 0.490092, 0.562843, 0.564786, 0.592047, 0.592458
