k index, k1, k2, k3, kmag/2pi, zeven band 1, zeven band 2, zeven band 3, zeven band 4, zeven band 5, zeven band 6, zeven band 7, zeven band 8
1, 0.5, 0, 0, 0.57735, 0.32229, 0.396183, 0.488915, 0.544482, 0.585945, 0.59289, 0.593778, 0.612156
2, 0.47619, 0, 0, 0.549857, 0.320302, 0.397811, 0.489178, 0.53908, 0.567043, 0.583263, 0.61879, 0.619682
3, 0.452381, 0, 0, 0.522365, 0.314794, 0.402224, 0.489961, 0.52512, 0.540891, 0.579535, 0.631945, 0.64557
4, 0.428571, 0, 0, 0.494872, 0.306711, 0.408429, 0.491185, 0.506542, 0.515018, 0.576165, 0.633216, 0.634081
5, 0.404762, 0, 0, 0.467379, 0.296882, 0.415503, 0.485779, 0.487617, 0.494771, 0.57201, 0.615643, 0.62193
6, 0.380952, 0, 0, 0.439886, 0.285843, 0.422648, 0.463342, 0.463965, 0.496306, 0.565941, 0.597988, 0.611965
7, 0.357143, 0, 0, 0.412393, 0.273909, 0.427284, 0.440831, 0.441638, 0.4994, 0.557331, 0.580697, 0.604853
8, 0.333333, 0, 0, 0.3849, 0.261246, 0.410616, 0.41911, 0.43957, 0.503117, 0.546495, 0.564061, 0.600323
9, 0.309524, 0, 0, 0.357407, 0.247934, 0.386655, 0.396592, 0.445517, 0.507177, 0.53432, 0.548466, 0.597566
10, 0.285714, 0, 0, 0.329914, 0.233985, 0.362764, 0.374249, 0.45134, 0.510564, 0.521608, 0.535004, 0.59587
11, 0.261905, 0, 0, 0.302422, 0.219367, 0.339487, 0.352228, 0.456603, 0.508748, 0.50896, 0.528189, 0.594791
12, 0.238095, 0, 0, 0.274929, 0.204001, 0.3171, 0.330682, 0.461164, 0.496533, 0.499349, 0.530647, 0.594077
13, 0.214286, 0, 0, 0.247436, 0.187783, 0.295872, 0.309774, 0.464724, 0.48477, 0.48854, 0.536255, 0.593582
14, 0.190476, 0, 0, 0.219943, 0.170592, 0.276092, 0.289696, 0.465862, 0.473787, 0.480115, 0.542651, 0.593222
15, 0.166667, 0, 0, 0.19245, 0.152332, 0.258043, 0.270674, 0.461288, 0.463738, 0.477926, 0.5492, 0.592944
16, 0.142857, 0, 0, 0.164957, 0.132965, 0.241979, 0.25298, 0.453689, 0.454752, 0.479502, 0.555579, 0.592718
17, 0.119048, 0, 0, 0.137464, 0.112534, 0.228095, 0.23694, 0.446341, 0.446943, 0.481683, 0.561538, 0.592528
18, 0.0952381, 0, 0, 0.109971, 0.0911639, 0.216537, 0.222933, 0.440035, 0.44041, 0.483738, 0.566846, 0.592366
19, 0.0714286, 0, 0, 0.0824786, 0.0690295, 0.207412, 0.211382, 0.435007, 0.435238, 0.485459, 0.571274, 0.592233
20, 0.047619, 0, 0, 0.0549857, 0.0463276, 0.200812, 0.202719, 0.431359, 0.431495, 0.486749, 0.574606, 0.592132
21, 0.0238095, 0, 0, 0.0274929, 0.023255, 0.196814, 0.197336, 0.429146, 0.429233, 0.487547, 0.57667, 0.592069
22, 0, 0, 0, 0, 0, 0.19546, 0.195523, 0.428404, 0.428478, 0.487818, 0.577366, 0.592049
23, 0.015873, 0.015873, 0, 0.0183286, 0.0155176, 0.196119, 0.196275, 0.428742, 0.428806, 0.487697, 0.57706, 0.592156
24, 0.031746, 0.031746, 0, 0.0366572, 0.0309815, 0.197901, 0.198699, 0.429753, 0.42979, 0.487338, 0.576141, 0.592134
25, 0.047619, 0.047619, 0, 0.0549857, 0.0463374, 0.200859, 0.202673, 0.431423, 0.431432, 0.486749, 0.574623, 0.592181
26, 0.0634921, 0.0634921, 0, 0.0733143, 0.0615289, 0.204974, 0.208108, 0.433697, 0.433768, 0.48594, 0.572535, 0.592246
27, 0.0793651, 0.0793651, 0, 0.0916429, 0.0764983, 0.210224, 0.214889, 0.436596, 0.436748, 0.484928, 0.569926, 0.592325
28, 0.0952381, 0.0952381, 0, 0.109971, 0.0911866, 0.216582, 0.222891, 0.440099, 0.440353, 0.483736, 0.566854, 0.592418
29, 0.111111, 0.111111, 0, 0.1283, 0.105535, 0.224023, 0.231984, 0.444174, 0.444563, 0.482394, 0.563385, 0.592524
30, 0.126984, 0.126984, 0, 0.146629, 0.119491, 0.232514, 0.242041, 0.448765, 0.449354, 0.480949, 0.559589, 0.592643
31, 0.142857, 0.142857, 0, 0.164957, 0.133006, 0.242019, 0.252942, 0.453769, 0.454698, 0.479494, 0.555533, 0.592774
32, 0.15873, 0.15873, 0, 0.183286, 0.146048, 0.252495, 0.264576, 0.458936, 0.460566, 0.478258, 0.551288, 0.592922
33, 0.174603, 0.174603, 0, 0.201614, 0.158599, 0.263886, 0.276845, 0.463551, 0.466924, 0.477927, 0.546925, 0.593089
34, 0.190476, 0.190476, 0, 0.219943, 0.170659, 0.276125, 0.289661, 0.46599, 0.473736, 0.48008, 0.542525, 0.593282
35, 0.206349, 0.206349, 0, 0.238272, 0.182243, 0.289135, 0.302944, 0.465639, 0.480965, 0.485261, 0.538188, 0.593512
36, 0.222222, 0.222222, 0, 0.2566, 0.193378, 0.30283, 0.316627, 0.4638, 0.488564, 0.492043, 0.53406, 0.593791
37, 0.238095, 0.238095, 0, 0.274929, 0.204099, 0.317126, 0.330648, 0.461272, 0.496487, 0.499355, 0.530434, 0.59414
38, 0.253968, 0.253968, 0, 0.293257, 0.214441, 0.331938, 0.344952, 0.45832, 0.504677, 0.506175, 0.528084, 0.594584
39, 0.269841, 0.269841, 0, 0.311586, 0.224438, 0.347184, 0.35949, 0.455034, 0.510364, 0.513065, 0.529071, 0.595162
40, 0.285714, 0.285714, 0, 0.329914, 0.234117, 0.362788, 0.374216, 0.451455, 0.510385, 0.521568, 0.534906, 0.59593
41, 0.301587, 0.301587, 0, 0.348243, 0.2435, 0.378668, 0.389084, 0.447622, 0.508243, 0.530076, 0.543576, 0.596966
42, 0.31746, 0.31746, 0, 0.366572, 0.252599, 0.394714, 0.404053, 0.443607, 0.505538, 0.538445, 0.55347, 0.598389
43, 0.333333, 0.333333, 0, 0.3849, 0.261419, 0.410654, 0.419077, 0.439662, 0.50281, 0.546477, 0.564028, 0.600366
44, 0.34127, 0.31746, 0, 0.381063, 0.259623, 0.407377, 0.415885, 0.44071, 0.502705, 0.545179, 0.561751, 0.600269
45, 0.349206, 0.301587, 0, 0.378741, 0.25859, 0.405415, 0.413868, 0.441957, 0.501168, 0.545095, 0.560329, 0.601127
46, 0.357143, 0.285714, 0, 0.377964, 0.258332, 0.404813, 0.413065, 0.443326, 0.498502, 0.546014, 0.559768, 0.602858
47, 0.365079, 0.269841, 0, 0.378741, 0.258846, 0.405586, 0.41349, 0.444735, 0.495082, 0.547722, 0.560075, 0.605307
48, 0.373016, 0.253968, 0, 0.381063, 0.260113, 0.40773, 0.415134, 0.446084, 0.491268, 0.550068, 0.561258, 0.608261
49, 0.380952, 0.238095, 0, 0.3849, 0.262103, 0.41122, 0.417965, 0.447222, 0.487403, 0.552962, 0.563325, 0.611437
50, 0.388889, 0.222222, 0, 0.390209, 0.264767, 0.41601, 0.421921, 0.44794, 0.483858, 0.556336, 0.566292, 0.614436
51, 0.396825, 0.206349, 0, 0.396931, 0.26805, 0.422014, 0.426886, 0.448002, 0.481056, 0.560108, 0.57017, 0.616697
52, 0.404762, 0.190476, 0, 0.404995, 0.271885, 0.42899, 0.432633, 0.447409, 0.479404, 0.564169, 0.574962, 0.617737
53, 0.412698, 0.174603, 0, 0.414323, 0.276196, 0.43526, 0.439133, 0.447551, 0.479122, 0.568359, 0.58065, 0.617762
54, 0.420635, 0.15873, 0, 0.424832, 0.280904, 0.435771, 0.447551, 0.452226, 0.480177, 0.572447, 0.587196, 0.61755
55, 0.428571, 0.142857, 0, 0.436436, 0.285921, 0.432325, 0.456495, 0.460965, 0.482481, 0.576102, 0.594539, 0.617898
56, 0.436508, 0.126984, 0, 0.44905, 0.291151, 0.427596, 0.464807, 0.471946, 0.486175, 0.578946, 0.602602, 0.619468
57, 0.444444, 0.111111, 0, 0.462592, 0.296488, 0.422381, 0.471913, 0.48423, 0.491788, 0.580723, 0.611285, 0.622699
58, 0.452381, 0.0952381, 0, 0.476983, 0.301809, 0.417031, 0.477299, 0.497077, 0.500017, 0.581488, 0.620429, 0.627706
59, 0.460317, 0.0793651, 0, 0.492149, 0.306965, 0.411793, 0.481172, 0.508102, 0.512548, 0.581597, 0.629726, 0.634366
60, 0.468254, 0.0634921, 0, 0.508019, 0.31177, 0.406896, 0.484033, 0.518307, 0.527327, 0.581529, 0.638206, 0.642086
61, 0.47619, 0.047619, 0, 0.524531, 0.315991, 0.402593, 0.486173, 0.528103, 0.542935, 0.581791, 0.632915, 0.646961
62, 0.484127, 0.031746, 0, 0.541624, 0.319345, 0.399178, 0.487692, 0.53655, 0.559188, 0.582851, 0.623398, 0.629241
63, 0.492063, 0.015873, 0, 0.559247, 0.321529, 0.396956, 0.488609, 0.542389, 0.576005, 0.584742, 0.611102, 0.615523
64, 0.5, 0, 0, 0.57735, 0.32229, 0.396183, 0.488915, 0.544482, 0.585945, 0.59289, 0.593778, 0.612156
