param_name,param_value,band_4,band_6
r2,0.2293616277352612,0.516705,0.52237
r2,0.22946213024782403,0.516808,0.522411
r2,0.22956263276038683,0.516912,0.522452
r2,0.22966313527294965,0.517015,0.522492
r2,0.22976363778551245,0.517118,0.522533
r2,0.22986414029807528,0.517221,0.522574
r2,0.22996464281063808,0.517325,0.522615
r2,0.2300651453232009,0.517428,0.522656
r2,0.2301656478357637,0.517532,0.522697
r2,0.23026615034832654,0.517636,0.522739
r2,0.23036665286088934,0.517739,0.52278
r2,0.23046715537345216,0.517843,0.522822
r2,0.23056765788601497,0.517946,0.522864
r2,0.2306681603985778,0.51805,0.522906
r2,0.2307686629111406,0.518154,0.522948
r2,0.23086916542370342,0.518258,0.52299
r2,0.23096966793626622,0.518361,0.523032
r2,0.23107017044882905,0.518465,0.523074
r2,0.23117067296139185,0.518568,0.523116
r2,0.23127117547395468,0.518672,0.523158
r2,0.23137167798651748,0.518776,0.523201
r2,0.2314721804990803,0.518879,0.523243
r2,0.2315726830116431,0.518983,0.523285
r2,0.23167318552420593,0.519086,0.523328
r2,0.23177368803676873,0.519189,0.52337
r2,0.23187419054933156,0.519292,0.523412
r2,0.23197469306189436,0.519396,0.523455
r2,0.2320751955744572,0.519499,0.523497
r2,0.23217569808702,0.519602,0.52354
r2,0.23227620059958282,0.519705,0.523582
r2,0.23237670311214562,0.519807,0.523625
r2,0.23247720562470844,0.51991,0.523667
r2,0.23257770813727124,0.520013,0.52371
r2,0.23267821064983407,0.520116,0.523752
r2,0.23277871316239687,0.520219,0.523795
r2,0.2328792156749597,0.520321,0.523837
r2,0.2329797181875225,0.520424,0.52388
r2,0.23308022070008533,0.520526,0.523922
r2,0.23318072321264813,0.52063,0.523965
r2,0.23328122572521096,0.520732,0.524008
r2,0.23338172823777376,0.520835,0.524051
r2,0.23348223075033658,0.520937,0.524094
r2,0.23358273326289938,0.52104,0.524137
r2,0.2336832357754622,0.521143,0.52418
r2,0.233783738288025,0.521246,0.524223
r2,0.23388424080058784,0.521348,0.524266
r2,0.23398474331315064,0.521451,0.52431
r2,0.23408524582571347,0.521554,0.524353
r2,0.23418574833827627,0.521657,0.524397
r2,0.2342862508508391,0.52176,0.52444
r2,0.2343867533634019,0.521863,0.524484
r2,0.23448725587596472,0.521966,0.524528
r2,0.23458775838852752,0.522069,0.524572
r2,0.23468826090109035,0.522172,0.524615
r2,0.23478876341365315,0.522275,0.524659
r2,0.23488926592621598,0.522378,0.524703
r2,0.23498976843877878,0.522482,0.524747
r2,0.2350902709513416,0.522585,0.524791
r2,0.2351907734639044,0.522688,0.524836
r2,0.23529127597646723,0.522791,0.52488
r2,0.23539177848903003,0.522895,0.524924
r2,0.23549228100159286,0.522997,0.524968
r2,0.23559278351415566,0.523101,0.525012
r2,0.2356932860267185,0.523204,0.525057
r2,0.2357937885392813,0.523308,0.525101
r2,0.23589429105184412,0.523411,0.525145
r2,0.23599479356440692,0.523514,0.52519
r2,0.23609529607696975,0.523618,0.525234
r2,0.23619579858953255,0.523721,0.525278
r2,0.23629630110209537,0.523824,0.525323
r2,0.2363968036146582,0.523927,0.525367
r2,0.236497306127221,0.52403,0.525411
r2,0.23659780863978383,0.524134,0.525456
r2,0.23669831115234663,0.524237,0.5255
r2,0.23679881366490946,0.524341,0.525545
r2,0.23689931617747226,0.524445,0.52559
r2,0.23699981869003509,0.524548,0.525634
r2,0.23710032120259789,0.524652,0.525679
r2,0.2372008237151607,0.524755,0.525724
r2,0.2373013262277235,0.524858,0.525768
r2,0.23740182874028634,0.524963,0.525814
r2,0.23750233125284914,0.525066,0.525859
r2,0.23760283376541197,0.52517,0.525904
r2,0.23770333627797477,0.525274,0.525949
r2,0.2378038387905376,0.525378,0.525994
r2,0.2379043413031004,0.525482,0.52604
r2,0.23800484381566323,0.525585,0.526085
r2,0.23810534632822603,0.525689,0.52613
r2,0.23820584884078885,0.525793,0.526176
r2,0.23830635135335165,0.525897,0.526222
r2,0.23840685386591448,0.526001,0.526267
r2,0.23850735637847728,0.526104,0.526313
r2,0.2386078588910401,0.526208,0.526359
r2,0.2387083614036029,0.526312,0.526405
r2,0.23880886391616574,0.526416,0.526451
r2,0.23890936642872854,0.526497,0.526521
r2,0.23900986894129136,0.526543,0.526625
r2,0.23911037145385416,0.526589,0.526728
r2,0.239210873966417,0.526635,0.526831
r2,0.2393113764789798,0.526681,0.526935
r2,0.23941187899154262,0.526727,0.527038
r2,0.23951238150410542,0.526774,0.527141
r2,0.23961288401666825,0.52682,0.527244
r2,0.23971338652923105,0.526866,0.527347
r2,0.23981388904179388,0.526913,0.527451
r2,0.23991439155435668,0.526959,0.527553
r2,0.2400148940669195,0.527005,0.527656
r2,0.2401153965794823,0.527051,0.527759
r2,0.24021589909204513,0.527098,0.527861
r2,0.24031640160460793,0.527144,0.527964
r2,0.24041690411717076,0.527191,0.528067
r2,0.24051740662973356,0.527237,0.528169
r2,0.2406179091422964,0.527284,0.528271
r2,0.2407184116548592,0.52733,0.528373
r2,0.24081891416742202,0.527376,0.528476
r2,0.24091941667998482,0.527423,0.528578
r2,0.24101991919254764,0.527469,0.52868
r2,0.24112042170511044,0.527515,0.528783
r2,0.24122092421767327,0.527562,0.528885
r2,0.24132142673023607,0.527608,0.528987
r2,0.2414219292427989,0.527655,0.52909
r2,0.2415224317553617,0.527701,0.529192
r2,0.24162293426792453,0.527748,0.529295
r2,0.24172343678048733,0.527795,0.529397
r2,0.24182393929305016,0.527841,0.5295
r2,0.24192444180561296,0.527888,0.529603
r2,0.24202494431817578,0.527935,0.529707
r2,0.24212544683073858,0.527982,0.52981
r2,0.2422259493433014,0.528028,0.529913
r2,0.2423264518558642,0.528076,0.530017
r2,0.24242695436842704,0.528122,0.530121
r2,0.24252745688098984,0.528169,0.530225
r2,0.24262795939355267,0.528216,0.53033
r2,0.24272846190611547,0.528264,0.530434
r2,0.2428289644186783,0.528311,0.530539
r2,0.24292946693124112,0.528359,0.530644
r2,0.24302996944380392,0.528406,0.530749
r2,0.24313047195636672,0.528454,0.530854
r2,0.24323097446892955,0.528502,0.530959
r2,0.24333147698149238,0.52855,0.531064
r2,0.24343197949405518,0.528598,0.53117
r2,0.243532482006618,0.528647,0.531276
r2,0.2436329845191808,0.528695,0.531382
r2,0.24373348703174363,0.528744,0.531488
r2,0.24383398954430643,0.528793,0.531594
r2,0.24393449205686926,0.528843,0.5317
r2,0.24403499456943206,0.528892,0.531806
r2,0.2441354970819949,0.528942,0.531913
r2,0.2442359995945577,0.528991,0.532018
r2,0.24433650210712052,0.52904,0.532124
r2,0.24443700461968332,0.52909,0.532231
r2,0.24453750713224615,0.52914,0.532337
r2,0.24463800964480895,0.52919,0.532443
r2,0.24473851215737177,0.529239,0.532549
r2,0.24483901466993457,0.52929,0.532655
r2,0.2449395171824974,0.52934,0.532761
r2,0.2450400196950602,0.52939,0.532867
r2,0.24514052220762303,0.52944,0.532973
r2,0.24524102472018583,0.52949,0.533079
r2,0.24534152723274866,0.529541,0.533185
r2,0.24544202974531146,0.529591,0.533291
r2,0.24554253225787429,0.529642,0.533397
r2,0.24564303477043709,0.529693,0.533503
r2,0.2457435372829999,0.529744,0.533609
r2,0.2458440397955627,0.529795,0.533714
r2,0.24594454230812554,0.529846,0.53382
r2,0.24604504482068834,0.529898,0.533926
r2,0.24614554733325117,0.529949,0.534031
r2,0.24624604984581397,0.53,0.534137
r2,0.2463465523583768,0.530052,0.534242
r2,0.2464470548709396,0.530104,0.534347
r2,0.24654755738350242,0.530155,0.534452
r2,0.24664805989606522,0.530207,0.534558
r2,0.24674856240862805,0.530259,0.534662
r2,0.24684906492119085,0.53031,0.534767
r2,0.24694956743375368,0.530362,0.534871
r2,0.24705006994631648,0.530414,0.534976
r2,0.2471505724588793,0.530466,0.53508
r2,0.2472510749714421,0.530518,0.535184
r2,0.24735157748400494,0.53057,0.535289
r2,0.24745207999656774,0.530621,0.535393
r2,0.24755258250913056,0.530673,0.535496
r2,0.24765308502169336,0.530725,0.5356
r2,0.2477535875342562,0.530777,0.535703
r2,0.247854090046819,0.530829,0.535807
r2,0.24795459255938182,0.530881,0.535911
r2,0.24805509507194462,0.530933,0.536013
r2,0.24815559758450745,0.530985,0.536117
r2,0.24825610009707025,0.531037,0.53622
r2,0.24835660260963308,0.53109,0.536324
r2,0.24845710512219588,0.531142,0.536427
r2,0.2485576076347587,0.531194,0.53653
r2,0.2486581101473215,0.531247,0.536634
r2,0.24875861265988433,0.5313,0.536737
r2,0.24885911517244713,0.531353,0.536841
r2,0.24895961768500996,0.531406,0.536945
r2,0.24906012019757276,0.531459,0.537049
r2,0.2491606227101356,0.531513,0.537153
r2,0.2492611252226984,0.531566,0.537257
r2,0.24936162773526122,0.53162,0.537361
