param_name,param_value,band_4,band_6
r2,0.36381551595776124,0.706008,0.720389
r2,0.36391601847032407,0.706278,0.720481
r2,0.3640165209828869,0.706549,0.720573
r2,0.36411702349544967,0.70682,0.720665
r2,0.3642175260080125,0.70709,0.720757
r2,0.3643180285205753,0.707361,0.720848
r2,0.36441853103313815,0.707632,0.72094
r2,0.3645190335457009,0.707904,0.721031
r2,0.36461953605826375,0.708175,0.721122
r2,0.3647200385708266,0.708447,0.721213
r2,0.3648205410833894,0.708719,0.721303
r2,0.3649210435959522,0.708992,0.721394
r2,0.365021546108515,0.709264,0.721485
r2,0.36512204862107783,0.709536,0.721575
r2,0.36522255113364066,0.70981,0.721665
r2,0.36532305364620343,0.710081,0.721755
r2,0.36542355615876626,0.710355,0.721845
r2,0.3655240586713291,0.710628,0.721935
r2,0.3656245611838919,0.710902,0.722025
r2,0.3657250636964547,0.711175,0.722114
r2,0.3658255662090175,0.711449,0.722204
r2,0.36592606872158034,0.711723,0.722294
r2,0.36602657123414317,0.711997,0.722383
r2,0.36612707374670594,0.712274,0.722474
r2,0.36622757625926877,0.712548,0.722563
r2,0.3663280787718316,0.712823,0.722652
r2,0.36642858128439443,0.713099,0.722742
r2,0.3665290837969572,0.713376,0.72283
r2,0.36662958630952003,0.713653,0.72292
r2,0.36673008882208286,0.71393,0.723009
r2,0.3668305913346457,0.714209,0.723099
r2,0.36693109384720846,0.714486,0.723187
r2,0.3670315963597713,0.714765,0.723277
r2,0.3671320988723341,0.715044,0.723367
r2,0.36723260138489694,0.715318,0.723455
r2,0.3673331038974597,0.715602,0.723547
r2,0.36743360641002254,0.715881,0.723639
r2,0.36753410892258537,0.716165,0.723733
r2,0.3676346114351482,0.716439,0.723825
r2,0.36773511394771097,0.716718,0.723918
r2,0.3678356164602738,0.716998,0.724011
r2,0.3679361189728366,0.717282,0.724107
r2,0.36803662148539945,0.71756,0.724199
r2,0.3681371239979622,0.717843,0.724293
r2,0.36823762651052505,0.718126,0.724387
r2,0.3683381290230879,0.71841,0.724481
r2,0.3684386315356507,0.718693,0.724575
r2,0.3685391340482135,0.718978,0.72467
r2,0.3686396365607763,0.719263,0.724764
r2,0.36874013907333913,0.71955,0.724859
r2,0.36884064158590196,0.719836,0.724953
r2,0.36894114409846474,0.720121,0.725047
r2,0.36904164661102756,0.720405,0.725141
r2,0.3691421491235904,0.720693,0.725235
r2,0.3692426516361532,0.72098,0.725329
r2,0.369343154148716,0.721269,0.725423
r2,0.3694436566612788,0.721558,0.725517
r2,0.36954415917384165,0.721848,0.725611
r2,0.3696446616864045,0.722139,0.725705
r2,0.36974516419896725,0.722431,0.725799
r2,0.3698456667115301,0.722719,0.725892
r2,0.3699461692240929,0.723015,0.725986
r2,0.37004667173665573,0.723307,0.726079
r2,0.3701471742492185,0.723601,0.726173
r2,0.37024767676178133,0.723895,0.726266
r2,0.37034817927434416,0.724189,0.726359
r2,0.370448681786907,0.724483,0.726452
r2,0.3705491842994698,0.724777,0.726545
r2,0.3706496868120326,0.725073,0.726638
r2,0.3707501893245954,0.725368,0.726731
r2,0.37085069183715824,0.725666,0.726825
r2,0.37095119434972107,0.725961,0.726917
r2,0.37105169686228384,0.726258,0.727009
r2,0.37115219937484667,0.726556,0.727102
r2,0.3712527018874095,0.726855,0.727195
r2,0.3713532043999723,0.727154,0.727287
r2,0.3714537069125351,0.727379,0.727456
r2,0.3715542094250979,0.727471,0.727758
r2,0.37165471193766075,0.727564,0.72806
r2,0.3717552144502236,0.727656,0.728364
r2,0.37185571696278635,0.727748,0.728668
r2,0.3719562194753492,0.727839,0.728972
r2,0.372056721987912,0.727931,0.72928
r2,0.37215722450047484,0.728022,0.729586
r2,0.3722577270130376,0.728113,0.729893
r2,0.37235822952560044,0.728204,0.730201
r2,0.37245873203816326,0.728295,0.730509
r2,0.3725592345507261,0.728386,0.730818
r2,0.37265973706328887,0.728476,0.731127
r2,0.3727602395758517,0.728567,0.731436
r2,0.3728607420884145,0.728656,0.731746
r2,0.37296124460097735,0.728747,0.732057
r2,0.3730617471135401,0.728836,0.732367
r2,0.37316224962610295,0.728925,0.732677
r2,0.3732627521386658,0.729014,0.732988
r2,0.3733632546512286,0.729104,0.733299
r2,0.3734637571637914,0.729192,0.733612
r2,0.3735642596763542,0.729281,0.733923
r2,0.37366476218891703,0.729369,0.734235
r2,0.37376526470147986,0.729458,0.734548
r2,0.37386576721404263,0.729546,0.734862
r2,0.37396626972660546,0.729634,0.735175
r2,0.3740667722391683,0.729722,0.73549
r2,0.3741672747517311,0.729809,0.735805
r2,0.3742677772642939,0.729897,0.736121
r2,0.3743682797768567,0.729984,0.736438
r2,0.37446878228941954,0.730072,0.736755
r2,0.37456928480198237,0.730159,0.737072
r2,0.37466978731454514,0.730247,0.737391
r2,0.37477028982710797,0.730334,0.73771
r2,0.3748707923396708,0.730421,0.73803
r2,0.3749712948522336,0.730508,0.738349
r2,0.3750717973647964,0.730595,0.738669
r2,0.3751722998773592,0.730681,0.73899
r2,0.37527280238992206,0.730768,0.73931
r2,0.3753733049024849,0.730855,0.739632
r2,0.37547380741504766,0.730941,0.739954
r2,0.3755743099276105,0.731027,0.740274
r2,0.3756748124401733,0.731114,0.740598
r2,0.37577531495273614,0.731199,0.740919
r2,0.3758758174652989,0.731286,0.741242
r2,0.37597631997786174,0.731372,0.741567
r2,0.37607682249042457,0.731459,0.741891
r2,0.3761773250029874,0.731544,0.742215
r2,0.37627782751555017,0.73163,0.742539
r2,0.376378330028113,0.731716,0.742864
r2,0.3764788325406758,0.731802,0.743189
r2,0.37657933505323865,0.731888,0.743515
r2,0.3766798375658014,0.731973,0.743843
r2,0.37678034007836425,0.732059,0.744169
r2,0.3768808425909271,0.732145,0.744497
r2,0.3769813451034899,0.732231,0.744825
r2,0.3770818476160527,0.732316,0.745154
r2,0.3771823501286155,0.732402,0.745483
r2,0.37728285264117833,0.732488,0.745814
r2,0.37738335515374116,0.732573,0.746144
r2,0.377483857666304,0.732658,0.746476
r2,0.37758436017886676,0.732743,0.746808
r2,0.3776848626914296,0.732828,0.747142
r2,0.3777853652039924,0.732914,0.747476
r2,0.3778858677165552,0.732999,0.747811
r2,0.377986370229118,0.733083,0.748146
r2,0.37808687274168085,0.733169,0.748483
r2,0.3781873752542437,0.733253,0.74882
r2,0.3782878777668065,0.733338,0.749157
r2,0.3783883802793693,0.733422,0.749494
r2,0.3784888827919321,0.733507,0.749834
r2,0.37858938530449493,0.733591,0.750173
r2,0.37868988781705776,0.733675,0.750513
r2,0.37879039032962053,0.733759,0.750853
r2,0.37889089284218336,0.733843,0.751194
r2,0.3789913953547462,0.733927,0.751535
r2,0.379091897867309,0.734011,0.751877
r2,0.3791924003798718,0.734094,0.752218
r2,0.3792929028924346,0.734177,0.752559
r2,0.37939340540499744,0.734261,0.752902
r2,0.37949390791756027,0.734344,0.753246
r2,0.37959441043012304,0.734426,0.753587
r2,0.37969491294268587,0.734509,0.75393
r2,0.3797954154552487,0.734592,0.754273
r2,0.3798959179678115,0.734674,0.754617
r2,0.3799964204803743,0.734757,0.754961
r2,0.3800969229929371,0.734839,0.755305
r2,0.38019742550549995,0.73492,0.755647
r2,0.3802979280180628,0.735003,0.755994
r2,0.38039843053062555,0.735085,0.756336
r2,0.3804989330431884,0.735167,0.756682
r2,0.3805994355557512,0.735248,0.757027
r2,0.38069993806831404,0.73533,0.757372
r2,0.3808004405808768,0.735412,0.757717
r2,0.38090094309343964,0.735493,0.758063
r2,0.38100144560600246,0.735575,0.758408
r2,0.3811019481185653,0.735656,0.758755
r2,0.38120245063112806,0.735738,0.759103
r2,0.3813029531436909,0.73582,0.759449
r2,0.3814034556562537,0.735901,0.759798
r2,0.38150395816881655,0.735983,0.760147
r2,0.3816044606813793,0.736065,0.760498
r2,0.38170496319394215,0.736147,0.760847
r2,0.381805465706505,0.736229,0.761199
r2,0.3819059682190678,0.736311,0.761551
r2,0.3820064707316306,0.736393,0.761904
r2,0.3821069732441934,0.736475,0.762256
r2,0.38220747575675623,0.736557,0.76261
r2,0.38230797826931906,0.73664,0.762967
r2,0.38240848078188183,0.736722,0.763323
r2,0.38250898329444466,0.736805,0.76368
r2,0.3826094858070075,0.736887,0.764038
r2,0.3827099883195703,0.73697,0.764397
r2,0.3828104908321331,0.737052,0.764755
r2,0.3829109933446959,0.737136,0.76511
r2,0.38301149585725874,0.737221,0.765466
r2,0.38311199836982157,0.737306,0.765823
r2,0.38321250088238434,0.737392,0.766175
r2,0.38331300339494717,0.737479,0.766538
r2,0.38341350590751,0.737566,0.766895
r2,0.3835140084200728,0.737651,0.767253
r2,0.38361451093263566,0.737739,0.767614
r2,0.3837150134451984,0.737827,0.767974
r2,0.38381551595776126,0.737914,0.768336
