param_name,param_value,band_4,band_6
r2,0.36075431875295455,0.740154,0.759347
r2,0.3608548212655174,0.74039,0.75944
r2,0.3609553237780802,0.740626,0.75953
r2,0.361055826290643,0.740868,0.759626
r2,0.3611563288032058,0.741104,0.759718
r2,0.36125683131576863,0.741343,0.759811
r2,0.36135733382833146,0.74158,0.759903
r2,0.36145783634089423,0.741822,0.759996
r2,0.36155833885345706,0.74206,0.760087
r2,0.3616588413660199,0.742335,0.760218
r2,0.3617593438785827,0.742571,0.76031
r2,0.3618598463911455,0.74281,0.760402
r2,0.3619603489037083,0.743052,0.760495
r2,0.36206085141627115,0.743295,0.760588
r2,0.362161353928834,0.743539,0.760681
r2,0.36226185644139675,0.743785,0.760774
r2,0.3623623589539596,0.74403,0.760866
r2,0.3624628614665224,0.744277,0.760959
r2,0.36256336397908523,0.744523,0.761051
r2,0.362663866491648,0.744773,0.761144
r2,0.36276436900421083,0.745023,0.761236
r2,0.36286487151677366,0.745276,0.761329
r2,0.3629653740293365,0.745529,0.761421
r2,0.36306587654189926,0.745783,0.761513
r2,0.3631663790544621,0.746038,0.761606
r2,0.3632668815670249,0.746295,0.761698
r2,0.36336738407958774,0.746553,0.76179
r2,0.3634678865921505,0.746812,0.761882
r2,0.36356838910471334,0.74707,0.761972
r2,0.36366889161727617,0.747333,0.762065
r2,0.363769394129839,0.747596,0.762157
r2,0.36386989664240177,0.747859,0.762248
r2,0.3639703991549646,0.748119,0.762339
r2,0.3640709016675274,0.748388,0.762431
r2,0.36417140418009025,0.748655,0.762522
r2,0.364271906692653,0.74892,0.762613
r2,0.36437240920521585,0.749188,0.762705
r2,0.3644729117177787,0.749457,0.762796
r2,0.3645734142303415,0.749727,0.762887
r2,0.3646739167429043,0.749998,0.762978
r2,0.3647744192554671,0.750485,0.763225
r2,0.36487492176802994,0.750757,0.763316
r2,0.36497542428059276,0.751032,0.763407
r2,0.36507592679315554,0.751306,0.763497
r2,0.36517642930571836,0.751581,0.763587
r2,0.3652769318182812,0.751858,0.763678
r2,0.365377434330844,0.752135,0.763768
r2,0.3654779368434068,0.752412,0.763858
r2,0.3655784393559696,0.752689,0.763948
r2,0.36567894186853245,0.752969,0.764038
r2,0.3657794443810953,0.753248,0.764128
r2,0.36587994689365805,0.753527,0.764217
r2,0.3659804494062209,0.753862,0.764338
r2,0.3660809519187837,0.754144,0.764428
r2,0.36618145443134653,0.754173,0.764351
r2,0.3662819569439093,0.754452,0.76444
r2,0.36638245945647213,0.75473,0.764528
r2,0.36648296196903496,0.755012,0.764617
r2,0.3665834644815978,0.755293,0.764705
r2,0.36668396699416056,0.755575,0.764794
r2,0.3667844695067234,0.755859,0.764883
r2,0.3668849720192862,0.756145,0.764971
r2,0.36698547453184904,0.756523,0.765192
r2,0.3670859770444118,0.756806,0.76528
r2,0.36718647955697464,0.757089,0.765368
r2,0.36728698206953747,0.757373,0.765455
r2,0.3673874845821003,0.757538,0.765496
r2,0.3674879870946631,0.757824,0.765583
r2,0.3675884896072259,0.75811,0.765671
r2,0.3676889921197887,0.758397,0.765759
r2,0.36778949463235155,0.758683,0.765845
r2,0.3678899971449144,0.75897,0.765933
r2,0.36799049965747715,0.759259,0.76602
r2,0.36809100217004,0.759546,0.766106
r2,0.3681915046826028,0.759838,0.766193
r2,0.36829200719516564,0.76013,0.766279
r2,0.3683925097077284,0.760423,0.766366
r2,0.36849301222029124,0.760717,0.766453
r2,0.36859351473285407,0.761074,0.766584
r2,0.3686940172454169,0.76137,0.76667
r2,0.36879451975797967,0.761791,0.767327
r2,0.3688950222705425,0.762089,0.767413
r2,0.3689955247831053,0.762387,0.767499
r2,0.36909602729566815,0.762689,0.767587
r2,0.3691965298082309,0.762992,0.767674
r2,0.36929703232079375,0.763294,0.76776
r2,0.3693975348333566,0.763598,0.767846
r2,0.3694980373459194,0.763993,0.767978
r2,0.3695985398584822,0.7643,0.768064
r2,0.369699042371045,0.764607,0.76815
r2,0.36979954488360783,0.764915,0.768236
r2,0.36990004739617066,0.765223,0.768321
r2,0.37000054990873343,0.765531,0.768407
r2,0.37010105242129626,0.76584,0.768492
r2,0.3702015549338591,0.76615,0.768577
r2,0.3703020574464219,0.766462,0.768662
r2,0.3704025599589847,0.766774,0.768747
r2,0.3705030624715475,0.767085,0.768831
r2,0.37060356498411035,0.7674,0.768916
r2,0.3707040674966732,0.767707,0.768999
r2,0.37080457000923595,0.768028,0.769085
r2,0.3709050725217988,0.768343,0.76917
r2,0.3710055750343616,0.768657,0.769254
r2,0.37110607754692443,0.768974,0.769339
r2,0.3712065800594872,0.769287,0.769426
r2,0.37130708257205003,0.769495,0.769617
r2,0.37140758508461286,0.769585,0.769931
r2,0.3715080875971757,0.769669,0.770248
r2,0.37160859010973846,0.769753,0.770567
r2,0.3717090926223013,0.770233,0.772003
r2,0.3718095951348641,0.770317,0.772328
r2,0.37191009764742694,0.770402,0.772654
r2,0.3720106001599897,0.770486,0.772981
r2,0.37211110267255254,0.77057,0.773306
r2,0.37221160518511537,0.770653,0.773632
r2,0.3723121076976782,0.770737,0.773959
r2,0.37241261021024097,0.77082,0.774287
r2,0.3725131127228038,0.770904,0.774614
r2,0.3726136152353666,0.770987,0.774944
r2,0.37271411774792945,0.77107,0.775269
r2,0.3728146202604922,0.770609,0.775313
r2,0.37291512277305505,0.770692,0.775643
r2,0.3730156252856179,0.770898,0.776077
r2,0.3731161277981807,0.770979,0.776407
r2,0.3732166303107435,0.77106,0.776731
r2,0.3733171328233063,0.771141,0.77706
r2,0.37341763533586914,0.771222,0.777388
r2,0.37351813784843196,0.770838,0.776641
r2,0.37361864036099474,0.770919,0.776965
r2,0.37371914287355756,0.770998,0.777289
r2,0.3738196453861204,0.771078,0.777614
r2,0.3739201478986832,0.771157,0.777939
r2,0.374020650411246,0.771237,0.778264
r2,0.3741211529238088,0.771315,0.778587
r2,0.37422165543637165,0.771395,0.778912
r2,0.3743221579489345,0.771473,0.779236
r2,0.3744226604614973,0.771553,0.779562
r2,0.3745231629740601,0.771632,0.77989
r2,0.3746236654866229,0.77171,0.780216
r2,0.37472416799918573,0.771789,0.780542
r2,0.3748246705117485,0.771868,0.780869
r2,0.37492517302431133,0.771947,0.781197
r2,0.37502567553687416,0.772025,0.781522
r2,0.375126178049437,0.772605,0.781884
r2,0.3752266805619998,0.772685,0.782211
r2,0.3753271830745626,0.772765,0.782538
r2,0.3754276855871254,0.772845,0.782865
r2,0.37552818809968824,0.772925,0.783192
r2,0.37562869061225107,0.773259,0.78366
r2,0.37572919312481384,0.773498,0.784281
r2,0.37582969563737667,0.773579,0.78461
r2,0.3759301981499395,0.773657,0.784935
r2,0.3760307006625023,0.77374,0.785268
r2,0.3761312031750651,0.77382,0.785598
r2,0.3762317056876279,0.7739,0.785928
r2,0.37633220820019075,0.774062,0.786526
r2,0.3764327107127536,0.774143,0.786854
r2,0.37653321322531635,0.774223,0.787187
r2,0.3766337157378792,0.774303,0.787522
r2,0.376734218250442,0.774383,0.787855
r2,0.37683472076300484,0.774462,0.788189
r2,0.3769352232755676,0.774543,0.788525
r2,0.37703572578813044,0.774623,0.78886
r2,0.37713622830069327,0.774702,0.789196
r2,0.3772367308132561,0.774783,0.789532
r2,0.37733723332581887,0.774862,0.78987
r2,0.3774377358383817,0.774941,0.790207
r2,0.3775382383509445,0.77513,0.790967
r2,0.37763874086350735,0.77521,0.791306
r2,0.3777392433760701,0.775289,0.791645
r2,0.37783974588863295,0.775368,0.791983
r2,0.3779402484011958,0.775447,0.792324
r2,0.3780407509137586,0.775527,0.792665
r2,0.3781412534263214,0.775606,0.793006
r2,0.3782417559388842,0.776754,0.797832
r2,0.37834225845144703,0.776834,0.798164
r2,0.37844276096400986,0.776913,0.798493
r2,0.37854326347657263,0.776994,0.798831
r2,0.37864376598913546,0.777073,0.799165
r2,0.3787442685016983,0.777151,0.799493
r2,0.3788447710142611,0.777233,0.799833
r2,0.3789452735268239,0.777311,0.800166
r2,0.3790457760393867,0.777391,0.800502
r2,0.37914627855194954,0.777471,0.800837
r2,0.3792467810645124,0.777783,0.801768
r2,0.37934728357707515,0.777862,0.8021
r2,0.379447786089638,0.777942,0.802436
r2,0.3795482886022008,0.778022,0.802772
r2,0.37964879111476363,0.778101,0.803107
r2,0.3797492936273264,0.778181,0.803442
r2,0.37984979613988923,0.77826,0.803777
r2,0.37995029865245206,0.778338,0.804113
r2,0.3800508011650149,0.778418,0.80445
r2,0.38015130367757766,0.778497,0.804787
r2,0.3802518061901405,0.778576,0.805125
r2,0.3803523087027033,0.778654,0.805461
r2,0.38045281121526614,0.778081,0.804767
r2,0.38055331372782897,0.778157,0.805108
r2,0.38065381624039174,0.778235,0.805454
r2,0.38075431875295457,0.77831,0.805793
