param_name,param_value,band_4,band_6
r2,0.35207037361928306,0.65976,0.673086
r2,0.3521708761318459,0.659984,0.673202
r2,0.3522713786444087,0.660208,0.673317
r2,0.3523718811569715,0.660433,0.673433
r2,0.3524723836695343,0.660658,0.673548
r2,0.35257288618209714,0.660883,0.673663
r2,0.35267338869466,0.661109,0.673778
r2,0.35277389120722275,0.661335,0.673894
r2,0.3528743937197856,0.661562,0.674009
r2,0.3529748962323484,0.661789,0.674125
r2,0.35307539874491123,0.662016,0.674241
r2,0.353175901257474,0.662244,0.674357
r2,0.35327640377003683,0.662472,0.674473
r2,0.35337690628259966,0.662702,0.674589
r2,0.3534774087951625,0.66293,0.674705
r2,0.35357791130772526,0.66316,0.674821
r2,0.3536784138202881,0.663391,0.674938
r2,0.3537789163328509,0.663622,0.675054
r2,0.35387941884541374,0.663854,0.67517
r2,0.3539799213579765,0.664086,0.675286
r2,0.35408042387053934,0.664319,0.675402
r2,0.35418092638310217,0.664551,0.675518
r2,0.354281428895665,0.664786,0.675634
r2,0.35438193140822777,0.66502,0.67575
r2,0.3544824339207906,0.665253,0.675865
r2,0.3545829364333534,0.665488,0.675981
r2,0.35468343894591625,0.665723,0.676095
r2,0.354783941458479,0.665958,0.676211
r2,0.35488444397104185,0.666192,0.676325
r2,0.3549849464836047,0.666427,0.676439
r2,0.3550854489961675,0.666661,0.676553
r2,0.3551859515087303,0.666898,0.676667
r2,0.3552864540212931,0.667132,0.67678
r2,0.35538695653385594,0.667368,0.676894
r2,0.35548745904641876,0.667603,0.677007
r2,0.35558796155898154,0.667839,0.67712
r2,0.35568846407154436,0.668076,0.677233
r2,0.3557889665841072,0.668312,0.677346
r2,0.35588946909667,0.668549,0.677459
r2,0.3559899716092328,0.668787,0.677571
r2,0.3560904741217956,0.669025,0.677684
r2,0.35619097663435845,0.669264,0.677797
r2,0.3562914791469213,0.669502,0.677909
r2,0.35639198165948405,0.669741,0.678022
r2,0.3564924841720469,0.669981,0.678134
r2,0.3565929866846097,0.67022,0.678247
r2,0.35669348919717253,0.67046,0.678359
r2,0.3567939917097353,0.6707,0.678472
r2,0.35689449422229813,0.670939,0.678584
r2,0.35699499673486096,0.671181,0.678696
r2,0.3570954992474238,0.671422,0.678809
r2,0.35719600175998656,0.671663,0.678921
r2,0.3572965042725494,0.671905,0.679034
r2,0.3573970067851122,0.672147,0.679146
r2,0.35749750929767504,0.672389,0.679259
r2,0.3575980118102378,0.672631,0.679371
r2,0.35769851432280064,0.672874,0.679484
r2,0.35779901683536347,0.673118,0.679597
r2,0.3578995193479263,0.673362,0.67971
r2,0.35800002186048907,0.673607,0.679823
r2,0.3581005243730519,0.673852,0.679936
r2,0.3582010268856147,0.674098,0.680049
r2,0.35830152939817755,0.674345,0.680162
r2,0.3584020319107403,0.67459,0.680274
r2,0.35850253442330315,0.674837,0.680388
r2,0.358603036935866,0.675084,0.6805
r2,0.3587035394484288,0.67533,0.680613
r2,0.3588040419609916,0.675579,0.680725
r2,0.3589045444735544,0.675826,0.680838
r2,0.35900504698611724,0.676076,0.68095
r2,0.35910554949868007,0.676323,0.681062
r2,0.3592060520112429,0.676571,0.681175
r2,0.35930655452380567,0.676821,0.681287
r2,0.3594070570363685,0.677067,0.681399
r2,0.3595075595489313,0.677319,0.681513
r2,0.35960806206149415,0.677566,0.681627
r2,0.3597085645740569,0.677816,0.681741
r2,0.35980906708661975,0.678067,0.681856
r2,0.3599095695991826,0.678315,0.68197
r2,0.3600100721117454,0.678564,0.682084
r2,0.3601105746243082,0.678817,0.682199
r2,0.360211077136871,0.679067,0.682314
r2,0.36031157964943383,0.679319,0.682429
r2,0.36041208216199666,0.679572,0.682543
r2,0.36051258467455943,0.679825,0.682658
r2,0.36061308718712226,0.680079,0.682773
r2,0.3607135896996851,0.680333,0.682888
r2,0.3608140922122479,0.680587,0.683003
r2,0.3609145947248107,0.680842,0.683117
r2,0.3610150972373735,0.681097,0.683232
r2,0.36111559974993634,0.681351,0.683347
r2,0.3612161022624992,0.681608,0.683461
r2,0.36131660477506194,0.681864,0.683575
r2,0.3614171072876248,0.682121,0.68369
r2,0.3615176098001876,0.682379,0.683804
r2,0.36161811231275043,0.682637,0.683919
r2,0.3617186148253132,0.682895,0.684033
r2,0.36181911733787603,0.683152,0.684147
r2,0.36191961985043886,0.683411,0.684261
r2,0.3620201223630017,0.683669,0.684376
r2,0.36212062487556446,0.683929,0.68449
r2,0.3622211273881273,0.684186,0.684604
r2,0.3623216299006901,0.684445,0.684718
r2,0.36242213241325294,0.684706,0.684832
r2,0.3625226349258157,0.684945,0.684966
r2,0.36262313743837854,0.685059,0.685226
r2,0.36272363995094137,0.685173,0.685488
r2,0.3628241424635042,0.685287,0.68575
r2,0.36292464497606697,0.685401,0.686013
r2,0.3630251474886298,0.685516,0.686277
r2,0.3631256500011926,0.68563,0.686541
r2,0.36322615251375545,0.685744,0.686806
r2,0.3633266550263182,0.685858,0.687071
r2,0.36342715753888105,0.685973,0.687337
r2,0.3635276600514439,0.686087,0.687603
r2,0.3636281625640067,0.686201,0.687871
r2,0.3637286650765695,0.686315,0.688138
r2,0.3638291675891323,0.686429,0.688405
r2,0.36392967010169514,0.686543,0.688674
r2,0.36403017261425796,0.686656,0.688942
r2,0.36413067512682074,0.68677,0.689212
r2,0.36423117763938356,0.686883,0.689482
r2,0.3643316801519464,0.686995,0.689752
r2,0.3644321826645092,0.687108,0.690023
r2,0.364532685177072,0.68722,0.690295
r2,0.3646331876896348,0.687332,0.690566
r2,0.36473369020219765,0.687444,0.690838
r2,0.3648341927147605,0.687555,0.69111
r2,0.36493469522732325,0.687666,0.691382
r2,0.3650351977398861,0.687776,0.691654
r2,0.3651357002524489,0.687887,0.691926
r2,0.36523620276501173,0.687997,0.692198
r2,0.3653367052775745,0.688107,0.69247
r2,0.36543720779013733,0.688217,0.692743
r2,0.36553771030270016,0.688326,0.693015
r2,0.365638212815263,0.688436,0.693288
r2,0.36573871532782576,0.688545,0.69356
r2,0.3658392178403886,0.688654,0.693834
r2,0.3659397203529514,0.688764,0.694108
r2,0.36604022286551424,0.688874,0.694383
r2,0.36614072537807707,0.688983,0.694659
r2,0.36624122789063984,0.689093,0.694935
r2,0.36634173040320267,0.689203,0.695211
r2,0.3664422329157655,0.689312,0.695489
r2,0.3665427354283283,0.689422,0.695767
r2,0.3666432379408911,0.689532,0.696045
r2,0.3667437404534539,0.689642,0.696323
r2,0.36684424296601675,0.689752,0.696603
r2,0.3669447454785796,0.689861,0.696881
r2,0.36704524799114235,0.689971,0.697162
r2,0.3671457505037052,0.690081,0.69744
r2,0.367246253016268,0.690191,0.697723
r2,0.36734675552883084,0.690301,0.698004
r2,0.3674472580413936,0.69041,0.698285
r2,0.36754776055395644,0.69052,0.698567
r2,0.36764826306651927,0.690629,0.698849
r2,0.3677487655790821,0.690738,0.699132
r2,0.36784926809164487,0.690847,0.699415
r2,0.3679497706042077,0.690957,0.699698
r2,0.3680502731167705,0.691065,0.699982
r2,0.36815077562933335,0.691173,0.700266
r2,0.3682512781418961,0.691283,0.700552
r2,0.36835178065445895,0.691392,0.700838
r2,0.3684522831670218,0.691501,0.701125
r2,0.3685527856795846,0.691609,0.70141
r2,0.3686532881921474,0.691718,0.701697
r2,0.3687537907047102,0.691826,0.701984
r2,0.36885429321727303,0.691934,0.70227
r2,0.36895479572983586,0.692042,0.702559
r2,0.36905529824239863,0.69215,0.702846
r2,0.36915580075496146,0.692258,0.703136
r2,0.3692563032675243,0.692366,0.703424
r2,0.3693568057800871,0.692473,0.703713
r2,0.3694573082926499,0.692581,0.704003
r2,0.3695578108052127,0.692688,0.704293
r2,0.36965831331777554,0.692795,0.704582
r2,0.36975881583033837,0.692903,0.704873
r2,0.36985931834290114,0.69301,0.705163
r2,0.36995982085546397,0.693119,0.705452
r2,0.3700603233680268,0.693227,0.705742
r2,0.37016082588058963,0.693337,0.706033
r2,0.3702613283931524,0.693446,0.706324
r2,0.37036183090571523,0.693555,0.706615
r2,0.37046233341827806,0.693665,0.706909
r2,0.3705628359308409,0.693775,0.7072
r2,0.37066333844340366,0.693885,0.707493
r2,0.3707638409559665,0.693996,0.707787
r2,0.3708643434685293,0.694104,0.708077
r2,0.37096484598109214,0.694216,0.708376
r2,0.3710653484936549,0.694327,0.708672
r2,0.37116585100621774,0.694436,0.708968
r2,0.37126635351878057,0.694547,0.709265
r2,0.3713668560313434,0.694657,0.70956
r2,0.37146735854390617,0.694768,0.709859
r2,0.371567861056469,0.694879,0.710157
r2,0.3716683635690318,0.694989,0.710455
r2,0.37176886608159465,0.695099,0.710754
r2,0.3718693685941574,0.695209,0.711054
r2,0.37196987110672025,0.695318,0.711353
r2,0.3720703736192831,0.695429,0.711654
