param_name,param_value,band_4,band_6
r2,0.25836661486956153,0.527313,0.530328
r2,0.25846711738212436,0.527408,0.530389
r2,0.2585676198946872,0.527504,0.530451
r2,0.25866812240724996,0.527599,0.530513
r2,0.2587686249198128,0.527695,0.530575
r2,0.2588691274323756,0.52779,0.530637
r2,0.25896962994493844,0.527886,0.530699
r2,0.2590701324575012,0.527981,0.53076
r2,0.25917063497006404,0.528077,0.530823
r2,0.25927113748262687,0.528173,0.530885
r2,0.2593716399951897,0.528269,0.530947
r2,0.25947214250775247,0.528365,0.53101
r2,0.2595726450203153,0.52846,0.531072
r2,0.2596731475328781,0.528557,0.531135
r2,0.25977365004544095,0.528653,0.531197
r2,0.2598741525580037,0.528749,0.53126
r2,0.25997465507056655,0.528845,0.531323
r2,0.2600751575831294,0.528942,0.531386
r2,0.2601756600956922,0.529038,0.53145
r2,0.260276162608255,0.529135,0.531513
r2,0.2603766651208178,0.529231,0.531576
r2,0.26047716763338064,0.529328,0.53164
r2,0.26057767014594346,0.529424,0.531703
r2,0.26067817265850624,0.529521,0.531767
r2,0.26077867517106906,0.529617,0.531831
r2,0.2608791776836319,0.529714,0.531895
r2,0.2609796801961947,0.52981,0.531959
r2,0.2610801827087575,0.529906,0.532023
r2,0.2611806852213203,0.530003,0.532087
r2,0.26128118773388315,0.530099,0.532151
r2,0.261381690246446,0.530195,0.532215
r2,0.26148219275900875,0.530291,0.532279
r2,0.2615826952715716,0.530387,0.532344
r2,0.2616831977841344,0.530483,0.532408
r2,0.26178370029669723,0.530579,0.532473
r2,0.26188420280926,0.530675,0.532538
r2,0.26198470532182283,0.53077,0.532602
r2,0.26208520783438566,0.530866,0.532667
r2,0.2621857103469485,0.530961,0.532732
r2,0.26228621285951126,0.531057,0.532797
r2,0.2623867153720741,0.531152,0.532862
r2,0.2624872178846369,0.531247,0.532927
r2,0.26258772039719974,0.531343,0.532993
r2,0.2626882229097625,0.531437,0.533058
r2,0.26278872542232534,0.531532,0.533123
r2,0.26288922793488817,0.531627,0.533188
r2,0.262989730447451,0.531721,0.533253
r2,0.26309023296001377,0.531816,0.533319
r2,0.2631907354725766,0.53191,0.533384
r2,0.2632912379851394,0.532004,0.533449
r2,0.26339174049770225,0.532099,0.533514
r2,0.263492243010265,0.532193,0.533579
r2,0.26359274552282785,0.532287,0.533644
r2,0.2636932480353907,0.532382,0.533709
r2,0.2637937505479535,0.532477,0.533775
r2,0.2638942530605163,0.532571,0.53384
r2,0.2639947555730791,0.532666,0.533906
r2,0.26409525808564194,0.53276,0.533971
r2,0.26419576059820477,0.532855,0.534037
r2,0.26429626311076754,0.532951,0.534103
r2,0.26439676562333037,0.533046,0.534169
r2,0.2644972681358932,0.533142,0.534236
r2,0.264597770648456,0.533238,0.534302
r2,0.2646982731610188,0.533334,0.534369
r2,0.2647987756735816,0.53343,0.534436
r2,0.26489927818614445,0.533527,0.534503
r2,0.2649997806987073,0.533623,0.53457
r2,0.2651002832112701,0.53372,0.534637
r2,0.2652007857238329,0.533817,0.534704
r2,0.2653012882363957,0.533914,0.534772
r2,0.26540179074895853,0.534011,0.534839
r2,0.26550229326152136,0.534109,0.534907
r2,0.26560279577408413,0.534206,0.534975
r2,0.26570329828664696,0.534303,0.535042
r2,0.2658038007992098,0.5344,0.53511
r2,0.2659043033117726,0.534498,0.535178
r2,0.2660048058243354,0.534596,0.535245
r2,0.2661053083368982,0.534693,0.535313
r2,0.26620581084946104,0.53479,0.535381
r2,0.26630631336202387,0.534888,0.535449
r2,0.26640681587458664,0.534985,0.535517
r2,0.26650731838714947,0.535082,0.535585
r2,0.2666078208997123,0.53518,0.535654
r2,0.26670832341227513,0.535277,0.535722
r2,0.2668088259248379,0.535374,0.53579
r2,0.26690932843740073,0.53547,0.535858
r2,0.26700983094996356,0.535567,0.535927
r2,0.2671103334625264,0.535664,0.535996
r2,0.26721083597508916,0.535761,0.536065
r2,0.267311338487652,0.535858,0.536134
r2,0.2674118410002148,0.535954,0.536203
r2,0.26751234351277764,0.536051,0.536272
r2,0.2676128460253404,0.536147,0.536342
r2,0.26771334853790324,0.536244,0.536411
r2,0.26781385105046607,0.536341,0.536481
r2,0.2679143535630289,0.536437,0.536551
r2,0.26801485607559167,0.536534,0.53662
r2,0.2681153585881545,0.53663,0.53669
r2,0.2682158611007173,0.536727,0.53676
r2,0.26831636361328015,0.536824,0.536831
r2,0.2684168661258429,0.536901,0.536922
r2,0.26851736863840575,0.536972,0.537019
r2,0.2686178711509686,0.537043,0.537116
r2,0.2687183736635314,0.537114,0.537213
r2,0.2688188761760942,0.537185,0.53731
r2,0.268919378688657,0.537256,0.537408
r2,0.26901988120121983,0.537327,0.537505
r2,0.26912038371378266,0.537398,0.537602
r2,0.26922088622634543,0.53747,0.537699
r2,0.26932138873890826,0.537541,0.537796
r2,0.2694218912514711,0.537612,0.537894
r2,0.2695223937640339,0.537684,0.537991
r2,0.2696228962765967,0.537755,0.538088
r2,0.2697233987891595,0.537827,0.538184
r2,0.26982390130172235,0.537899,0.538282
r2,0.2699244038142852,0.537971,0.538379
r2,0.27002490632684795,0.538043,0.538475
r2,0.2701254088394108,0.538115,0.538573
r2,0.2702259113519736,0.538188,0.53867
r2,0.27032641386453643,0.53826,0.538767
r2,0.2704269163770992,0.538333,0.538864
r2,0.27052741888966203,0.538406,0.538961
r2,0.27062792140222486,0.538479,0.539059
r2,0.2707284239147877,0.538552,0.539156
r2,0.27082892642735046,0.538626,0.539253
r2,0.2709294289399133,0.538699,0.53935
r2,0.2710299314524761,0.538772,0.539447
r2,0.27113043396503894,0.538846,0.539544
r2,0.2712309364776017,0.538919,0.539641
r2,0.27133143899016454,0.538992,0.539737
r2,0.27143194150272737,0.539066,0.539834
r2,0.2715324440152902,0.53914,0.53993
r2,0.27163294652785297,0.539213,0.540027
r2,0.2717334490404158,0.539287,0.540123
r2,0.2718339515529786,0.539361,0.540219
r2,0.27193445406554145,0.539435,0.540315
r2,0.2720349565781043,0.539509,0.540411
r2,0.27213545909066705,0.539583,0.540507
r2,0.2722359616032299,0.539657,0.540603
r2,0.2723364641157927,0.539732,0.540699
r2,0.2724369666283555,0.539806,0.540795
r2,0.2725374691409183,0.53988,0.540891
r2,0.27263797165348114,0.539955,0.540987
r2,0.27273847416604396,0.540029,0.541083
r2,0.2728389766786068,0.540104,0.541179
r2,0.27293947919116957,0.540179,0.541275
r2,0.2730399817037324,0.540253,0.541371
r2,0.2731404842162952,0.540328,0.541467
r2,0.27324098672885805,0.540403,0.541563
r2,0.2733414892414208,0.540477,0.54166
r2,0.27344199175398365,0.540552,0.541756
r2,0.2735424942665465,0.540627,0.541853
r2,0.2736429967791093,0.540702,0.54195
r2,0.2737434992916721,0.540776,0.542046
r2,0.2738440018042349,0.540852,0.542144
r2,0.27394450431679773,0.540927,0.542241
r2,0.27404500682936056,0.541002,0.542338
r2,0.27414550934192333,0.541078,0.542436
r2,0.27424601185448616,0.541153,0.542533
r2,0.274346514367049,0.541229,0.542631
r2,0.2744470168796118,0.541306,0.542729
r2,0.2745475193921746,0.541382,0.542827
r2,0.2746480219047374,0.541458,0.542925
r2,0.27474852441730024,0.541535,0.543023
r2,0.27484902692986307,0.541612,0.543121
r2,0.27494952944242584,0.541689,0.543219
r2,0.27505003195498867,0.541766,0.543318
r2,0.2751505344675515,0.541843,0.543415
r2,0.2752510369801143,0.541921,0.543514
r2,0.2753515394926771,0.541998,0.543611
r2,0.2754520420052399,0.542076,0.543709
r2,0.27555254451780276,0.542153,0.543807
r2,0.2756530470303656,0.542231,0.543904
r2,0.27575354954292836,0.542309,0.544002
r2,0.2758540520554912,0.542386,0.544099
r2,0.275954554568054,0.542463,0.544196
r2,0.27605505708061684,0.542542,0.544293
r2,0.2761555595931796,0.542619,0.544391
r2,0.27625606210574244,0.542697,0.544488
r2,0.27635656461830527,0.542774,0.544585
r2,0.2764570671308681,0.542852,0.544682
r2,0.27655756964343087,0.542929,0.54478
r2,0.2766580721559937,0.543007,0.544877
r2,0.2767585746685565,0.543085,0.544974
r2,0.27685907718111935,0.543163,0.545071
r2,0.2769595796936821,0.543241,0.545169
r2,0.27706008220624495,0.543319,0.545266
r2,0.2771605847188078,0.543397,0.545363
r2,0.2772610872313706,0.543476,0.545461
r2,0.2773615897439334,0.543555,0.545558
r2,0.2774620922564962,0.543634,0.545656
r2,0.27756259476905903,0.543713,0.545753
r2,0.27766309728162186,0.543792,0.545851
r2,0.27776359979418463,0.543872,0.545949
r2,0.27786410230674746,0.543952,0.546047
r2,0.2779646048193103,0.544032,0.546145
r2,0.2780651073318731,0.544112,0.546244
r2,0.27816560984443595,0.544192,0.546342
r2,0.2782661123569987,0.544273,0.546441
r2,0.27836661486956155,0.544353,0.546539
