param_name,param_value,band_4,band_6
r2,0.3522322187241574,0.661185,0.671418
r2,0.3523327212367202,0.661413,0.671527
r2,0.35243322374928304,0.661641,0.671636
r2,0.3525337262618458,0.66187,0.671744
r2,0.35263422877440864,0.662099,0.671853
r2,0.35273473128697147,0.662328,0.671961
r2,0.3528352337995343,0.662557,0.67207
r2,0.35293573631209707,0.662785,0.672177
r2,0.3530362388246599,0.663015,0.672285
r2,0.3531367413372227,0.663244,0.672393
r2,0.35323724384978555,0.663474,0.6725
r2,0.3533377463623483,0.663704,0.672608
r2,0.35343824887491115,0.663933,0.672716
r2,0.353538751387474,0.664164,0.672823
r2,0.3536392539000368,0.664389,0.67293
r2,0.3537397564125996,0.664619,0.673037
r2,0.3538402589251624,0.664849,0.673145
r2,0.35394076143772524,0.66508,0.673252
r2,0.35404126395028807,0.665309,0.673358
r2,0.35414176646285084,0.66554,0.673466
r2,0.35424226897541367,0.665771,0.673573
r2,0.3543427714879765,0.666002,0.673679
r2,0.3544432740005393,0.666233,0.673786
r2,0.3545437765131021,0.666464,0.673893
r2,0.3546442790256649,0.666697,0.674001
r2,0.35474478153822775,0.666926,0.674106
r2,0.3548452840507906,0.667156,0.674212
r2,0.35494578656335335,0.667388,0.674319
r2,0.3550462890759162,0.667622,0.674428
r2,0.355146791588479,0.667853,0.674533
r2,0.35524729410104183,0.668081,0.674638
r2,0.3553477966136046,0.668316,0.674745
r2,0.35544829912616743,0.668547,0.674851
r2,0.35554880163873026,0.668779,0.674957
r2,0.3556493041512931,0.669012,0.675063
r2,0.35574980666385586,0.669244,0.675169
r2,0.3558503091764187,0.669476,0.675275
r2,0.3559508116889815,0.669709,0.675382
r2,0.35605131420154434,0.669941,0.675488
r2,0.3561518167141071,0.670174,0.675595
r2,0.35625231922666994,0.670408,0.675702
r2,0.3563528217392328,0.67064,0.675807
r2,0.3564533242517956,0.670873,0.675913
r2,0.3565538267643584,0.671106,0.67602
r2,0.3566543292769212,0.671338,0.676126
r2,0.35675483178948403,0.671572,0.676232
r2,0.35685533430204686,0.671809,0.676339
r2,0.35695583681460963,0.672041,0.676445
r2,0.35705633932717246,0.672274,0.676552
r2,0.3571568418397353,0.672508,0.676658
r2,0.3572573443522981,0.672743,0.676765
r2,0.3573578468648609,0.672977,0.676872
r2,0.3574583493774237,0.673213,0.676979
r2,0.35755885188998654,0.673449,0.677086
r2,0.35765935440254937,0.673684,0.677193
r2,0.35775985691511214,0.673921,0.6773
r2,0.35786035942767497,0.674158,0.677408
r2,0.3579608619402378,0.674395,0.677516
r2,0.3580613644528006,0.674631,0.677623
r2,0.3581618669653634,0.67487,0.677731
r2,0.3582623694779262,0.675108,0.677839
r2,0.35836287199048905,0.675347,0.677947
r2,0.3584633745030519,0.675586,0.678056
r2,0.35856387701561465,0.675826,0.678164
r2,0.3586643795281775,0.676066,0.678273
r2,0.3587648820407403,0.676306,0.678382
r2,0.35886538455330314,0.676546,0.67849
r2,0.35896588706586596,0.676786,0.678599
r2,0.35906638957842874,0.677028,0.678708
r2,0.35916689209099156,0.677272,0.678819
r2,0.3592673946035544,0.677512,0.678927
r2,0.3593678971161172,0.677754,0.679037
r2,0.35946839962868,0.677986,0.679145
r2,0.3595689021412428,0.678209,0.679252
r2,0.35966940465380565,0.678417,0.679357
r2,0.3597699071663685,0.678719,0.679501
r2,0.35987040967893125,0.678959,0.679619
r2,0.3599709121914941,0.6792,0.679739
r2,0.3600714147040569,0.679441,0.679859
r2,0.36017191721661973,0.679683,0.679981
r2,0.3602724197291825,0.679926,0.680103
r2,0.36037292224174533,0.680166,0.680226
r2,0.36047342475430816,0.680347,0.680414
r2,0.360573927266871,0.680471,0.680657
r2,0.36067442977943376,0.68059,0.680894
r2,0.3607749322919966,0.680719,0.681146
r2,0.3608754348045594,0.680845,0.681392
r2,0.36097593731712224,0.680969,0.681637
r2,0.361076439829685,0.681094,0.681883
r2,0.36117694234224784,0.681219,0.682128
r2,0.36127744485481067,0.681346,0.682379
r2,0.3613779473673735,0.68147,0.682622
r2,0.36147844987993627,0.681599,0.682873
r2,0.3615789523924991,0.681725,0.683126
r2,0.3616794549050619,0.681852,0.683375
r2,0.36177995741762475,0.681978,0.683621
r2,0.3618804599301875,0.682104,0.683867
r2,0.36198096244275035,0.682231,0.684118
r2,0.3620814649553132,0.682359,0.684369
r2,0.362181967467876,0.682486,0.684621
r2,0.3622824699804388,0.682613,0.684875
r2,0.3623829724930016,0.68274,0.685127
r2,0.36248347500556444,0.682868,0.685381
r2,0.36258397751812727,0.682994,0.685635
r2,0.36268448003069004,0.683121,0.68589
r2,0.36278498254325287,0.683248,0.686146
r2,0.3628854850558157,0.683375,0.686405
r2,0.3629859875683785,0.683502,0.686663
r2,0.3630864900809413,0.683629,0.686922
r2,0.3631869925935041,0.683755,0.687182
r2,0.36328749510606695,0.683882,0.687443
r2,0.3633879976186298,0.684009,0.687704
r2,0.36348850013119255,0.684135,0.687967
r2,0.3635890026437554,0.684258,0.688229
r2,0.3636895051563182,0.684388,0.688494
r2,0.36379000766888103,0.684514,0.688758
r2,0.3638905101814438,0.684639,0.689023
r2,0.36399101269400663,0.684764,0.689284
r2,0.36409151520656946,0.684891,0.689554
r2,0.3641920177191323,0.685016,0.689822
r2,0.36429252023169506,0.685142,0.690088
r2,0.3643930227442579,0.685268,0.690358
r2,0.3644935252568207,0.685393,0.690624
r2,0.36459402776938354,0.685518,0.690895
r2,0.3646945302819463,0.685643,0.691164
r2,0.36479503279450914,0.685768,0.691434
r2,0.36489553530707197,0.685893,0.691704
r2,0.3649960378196348,0.686015,0.691969
r2,0.36509654033219757,0.686142,0.692247
r2,0.3651970428447604,0.686261,0.692514
r2,0.36529754535732323,0.686389,0.692788
r2,0.36539804786988606,0.686514,0.693063
r2,0.36549855038244883,0.686638,0.693336
r2,0.36559905289501166,0.686761,0.693609
r2,0.3656995554075745,0.686884,0.693883
r2,0.3658000579201373,0.687008,0.694157
r2,0.36590056043270014,0.687131,0.694432
r2,0.3660010629452629,0.687254,0.694706
r2,0.36610156545782574,0.687378,0.694984
r2,0.36620206797038857,0.6875,0.695257
r2,0.36630257048295134,0.687622,0.695533
r2,0.36640307299551417,0.687743,0.695806
r2,0.366503575508077,0.687865,0.696083
r2,0.3666040780206398,0.687986,0.696359
r2,0.36670458053320265,0.688109,0.696638
r2,0.3668050830457654,0.688231,0.696916
r2,0.36690558555832825,0.688351,0.697197
r2,0.3670060880708911,0.688473,0.697476
r2,0.3671065905834539,0.688594,0.697753
r2,0.3672070930960167,0.688714,0.698031
r2,0.3673075956085795,0.688835,0.69831
r2,0.36740809812114233,0.688954,0.698589
r2,0.36750860063370516,0.689075,0.698869
r2,0.36760910314626793,0.689195,0.699151
r2,0.36770960565883076,0.689315,0.699431
r2,0.3678101081713936,0.689434,0.699712
r2,0.3679106106839564,0.689552,0.699994
r2,0.3680111131965192,0.689672,0.700277
r2,0.368111615709082,0.68979,0.700559
r2,0.36821211822164485,0.689909,0.700845
r2,0.3683126207342077,0.690028,0.701131
r2,0.36841312324677045,0.690146,0.701418
r2,0.3685136257593333,0.690265,0.701705
r2,0.3686141282718961,0.690382,0.701993
r2,0.36871463078445893,0.690499,0.702281
r2,0.3688151332970217,0.690615,0.702569
r2,0.36891563580958453,0.690731,0.702859
r2,0.36901613832214736,0.690847,0.703148
r2,0.3691166408347102,0.690964,0.703441
r2,0.36921714334727296,0.69108,0.703734
r2,0.3693176458598358,0.691196,0.704026
r2,0.3694181483723986,0.691312,0.70432
r2,0.36951865088496144,0.691427,0.704613
r2,0.3696191533975242,0.691543,0.704909
r2,0.36971965591008704,0.691658,0.705205
r2,0.36982015842264987,0.691772,0.705502
r2,0.3699206609352127,0.691887,0.705799
r2,0.37002116344777547,0.692001,0.706095
r2,0.3701216659603383,0.692115,0.706394
r2,0.3702221684729011,0.692228,0.706691
r2,0.37032267098546395,0.692343,0.706992
r2,0.3704231734980267,0.692457,0.707294
r2,0.37052367601058955,0.692569,0.707591
r2,0.3706241785231524,0.692682,0.707893
r2,0.3707246810357152,0.692794,0.708189
r2,0.370825183548278,0.692904,0.70849
r2,0.3709256860608408,0.693021,0.7088
r2,0.37102618857340364,0.693133,0.709102
r2,0.37112669108596646,0.693245,0.709408
r2,0.37122719359852924,0.693357,0.709712
r2,0.37132769611109206,0.693468,0.710017
r2,0.3714281986236549,0.693581,0.710323
r2,0.3715287011362177,0.693692,0.710628
r2,0.3716292036487805,0.693804,0.710936
r2,0.3717297061613433,0.693915,0.711243
r2,0.37183020867390615,0.694026,0.71155
r2,0.371930711186469,0.694137,0.711858
r2,0.3720312136990318,0.694248,0.712168
r2,0.3721317162115946,0.694358,0.712477
r2,0.3722322187241574,0.694468,0.712786
