param_name,param_value,band_4,band_6
r2,0.24825286921783918,0.52312,0.526861
r2,0.248353371730402,0.523218,0.526916
r2,0.2484538742429648,0.523316,0.526971
r2,0.24855437675552763,0.523413,0.527027
r2,0.24865487926809043,0.523512,0.527082
r2,0.24875538178065326,0.523611,0.527138
r2,0.24885588429321606,0.523709,0.527194
r2,0.2489563868057789,0.523805,0.527249
r2,0.2490568893183417,0.523906,0.527306
r2,0.24915739183090452,0.524005,0.527362
r2,0.24925789434346732,0.524103,0.527418
r2,0.24935839685603015,0.524202,0.527475
r2,0.24945889936859295,0.524301,0.527531
r2,0.24955940188115577,0.524399,0.527588
r2,0.24965990439371857,0.524498,0.527645
r2,0.2497604069062814,0.524597,0.527701
r2,0.2498609094188442,0.524695,0.527758
r2,0.24996141193140703,0.524793,0.527816
r2,0.25006191444396986,0.524893,0.527873
r2,0.25016241695653263,0.524992,0.52793
r2,0.25026291946909546,0.52509,0.527987
r2,0.2503634219816583,0.525189,0.528045
r2,0.2504639244942211,0.525287,0.528102
r2,0.2505644270067839,0.525386,0.52816
r2,0.2506649295193467,0.525485,0.528217
r2,0.25076543203190954,0.525583,0.528275
r2,0.25086593454447237,0.525682,0.528333
r2,0.25096643705703514,0.525781,0.528391
r2,0.25106693956959797,0.52588,0.528449
r2,0.2511674420821608,0.525978,0.528506
r2,0.2512679445947236,0.526077,0.528566
r2,0.2513684471072864,0.526176,0.528624
r2,0.2514689496198492,0.526273,0.528682
r2,0.25156945213241205,0.526371,0.52874
r2,0.2516699546449749,0.526469,0.528798
r2,0.25177045715753765,0.526569,0.528857
r2,0.2518709596701005,0.526668,0.528916
r2,0.2519714621826633,0.526766,0.528975
r2,0.25207196469522614,0.526864,0.529033
r2,0.2521724672077889,0.526963,0.529092
r2,0.25227296972035174,0.52706,0.529151
r2,0.25237347223291456,0.527158,0.52921
r2,0.2524739747454774,0.527256,0.529269
r2,0.25257447725804016,0.527354,0.529328
r2,0.252674979770603,0.527452,0.529387
r2,0.2527754822831658,0.52755,0.529445
r2,0.25287598479572865,0.527648,0.529505
r2,0.2529764873082914,0.527745,0.529564
r2,0.25307698982085425,0.527842,0.529623
r2,0.2531774923334171,0.52794,0.529682
r2,0.2532779948459799,0.528036,0.529741
r2,0.2533784973585427,0.528134,0.529801
r2,0.2534789998711055,0.528232,0.52986
r2,0.25357950238366833,0.528329,0.529919
r2,0.25368000489623116,0.528426,0.529979
r2,0.25378050740879393,0.528523,0.530038
r2,0.25388100992135676,0.52862,0.530098
r2,0.2539815124339196,0.528716,0.530157
r2,0.2540820149464824,0.528811,0.530215
r2,0.2541825174590452,0.528909,0.530275
r2,0.254283019971608,0.529005,0.530334
r2,0.25438352248417084,0.529102,0.530394
r2,0.25448402499673367,0.529198,0.530453
r2,0.25458452750929644,0.529294,0.530513
r2,0.25468503002185927,0.52939,0.530573
r2,0.2547855325344221,0.529486,0.530632
r2,0.2548860350469849,0.529582,0.530692
r2,0.2549865375595477,0.529678,0.530751
r2,0.2550870400721105,0.529773,0.53081
r2,0.25518754258467335,0.529867,0.53087
r2,0.2552880450972362,0.529962,0.530929
r2,0.255388547609799,0.530058,0.530989
r2,0.2554890501223618,0.530154,0.531048
r2,0.2555895526349246,0.530248,0.531108
r2,0.25569005514748744,0.530344,0.531167
r2,0.25579055766005027,0.530439,0.531227
r2,0.25589106017261304,0.530534,0.531286
r2,0.25599156268517587,0.530628,0.531345
r2,0.2560920651977387,0.530722,0.531404
r2,0.2561925677103015,0.530817,0.531464
r2,0.2562930702228643,0.530912,0.531524
r2,0.2563935727354271,0.531006,0.531583
r2,0.25649407524798995,0.531101,0.531643
r2,0.2565945777605528,0.531195,0.531702
r2,0.25669508027311555,0.531291,0.531763
r2,0.2567955827856784,0.531384,0.531822
r2,0.2568960852982412,0.531478,0.531881
r2,0.25699658781080403,0.531571,0.53194
r2,0.2570970903233668,0.531665,0.532
r2,0.25719759283592963,0.531758,0.532059
r2,0.25729809534849246,0.53185,0.532118
r2,0.2573985978610553,0.531945,0.532178
r2,0.25749910037361806,0.532038,0.532237
r2,0.2575996028861809,0.532132,0.532297
r2,0.2577001053987437,0.532226,0.532356
r2,0.25780060791130655,0.53232,0.532416
r2,0.2579011104238693,0.532413,0.532475
r2,0.25800161293643215,0.532505,0.532535
r2,0.258102115448995,0.532593,0.532602
r2,0.2582026179615578,0.532653,0.532695
r2,0.2583031204741206,0.532713,0.532788
r2,0.2584036229866834,0.532772,0.532882
r2,0.25850412549924623,0.532832,0.532975
r2,0.25860462801180906,0.532891,0.533066
r2,0.25870513052437183,0.53295,0.533161
r2,0.25880563303693466,0.53301,0.533255
r2,0.2589061355494975,0.53307,0.533349
r2,0.2590066380620603,0.533129,0.533442
r2,0.2591071405746231,0.533189,0.533536
r2,0.2592076430871859,0.533249,0.53363
r2,0.25930814559974874,0.533309,0.533722
r2,0.25940864811231157,0.533368,0.533817
r2,0.25950915062487434,0.533429,0.53391
r2,0.25960965313743717,0.533489,0.534004
r2,0.25971015565,0.533549,0.534099
r2,0.2598106581625628,0.53361,0.534193
r2,0.2599111606751256,0.53367,0.534287
r2,0.2600116631876884,0.53373,0.534381
r2,0.26011216570025125,0.533791,0.534475
r2,0.2602126682128141,0.533852,0.534569
r2,0.26031317072537685,0.533912,0.534664
r2,0.2604136732379397,0.533973,0.534759
r2,0.2605141757505025,0.534034,0.534853
r2,0.26061467826306534,0.534095,0.534948
r2,0.2607151807756281,0.534156,0.535043
r2,0.26081568328819094,0.534217,0.535137
r2,0.26091618580075376,0.534279,0.535233
r2,0.2610166883133166,0.534339,0.535327
r2,0.26111719082587936,0.5344,0.535422
r2,0.2612176933384422,0.534462,0.535517
r2,0.261318195851005,0.534523,0.535612
r2,0.26141869836356785,0.534585,0.535707
r2,0.2615192008761306,0.534646,0.535803
r2,0.26161970338869345,0.534708,0.535898
r2,0.2617202059012563,0.534769,0.535993
r2,0.2618207084138191,0.534832,0.536089
r2,0.2619212109263819,0.534894,0.536185
r2,0.2620217134389447,0.534954,0.53628
r2,0.26212221595150753,0.535017,0.536376
r2,0.26222271846407036,0.535081,0.536473
r2,0.2623232209766332,0.535143,0.536569
r2,0.26242372348919596,0.535205,0.536665
r2,0.2625242260017588,0.535267,0.536761
r2,0.2626247285143216,0.53533,0.536857
r2,0.26272523102688444,0.535392,0.536954
r2,0.2628257335394472,0.535455,0.53705
r2,0.26292623605201004,0.535517,0.537147
r2,0.26302673856457287,0.53558,0.537243
r2,0.2631272410771357,0.535643,0.53734
r2,0.26322774358969847,0.535706,0.537437
r2,0.2633282461022613,0.535769,0.537533
r2,0.2634287486148241,0.535832,0.537631
r2,0.26352925112738695,0.535895,0.537728
r2,0.2636297536399497,0.535958,0.537825
r2,0.26373025615251255,0.536022,0.537923
r2,0.2638307586650754,0.536085,0.53802
r2,0.2639312611776382,0.536148,0.538117
r2,0.264031763690201,0.536212,0.538215
r2,0.2641322662027638,0.536275,0.538313
r2,0.26423276871532664,0.536339,0.53841
r2,0.26433327122788947,0.536402,0.538509
r2,0.26443377374045224,0.536467,0.538608
r2,0.26453427625301507,0.53653,0.538705
r2,0.2646347787655779,0.536594,0.538804
r2,0.2647352812781407,0.536658,0.538903
r2,0.2648357837907035,0.536722,0.539
r2,0.2649362863032663,0.536786,0.539099
r2,0.26503678881582915,0.536851,0.539198
r2,0.265137291328392,0.536915,0.539297
r2,0.26523779384095475,0.536979,0.539396
r2,0.2653382963535176,0.537044,0.539495
r2,0.2654387988660804,0.537108,0.539594
r2,0.26553930137864323,0.537173,0.539694
r2,0.265639803891206,0.537236,0.539793
r2,0.26574030640376883,0.537296,0.53989
r2,0.26584080891633166,0.537353,0.539987
r2,0.2659413114288945,0.53741,0.540083
r2,0.26604181394145726,0.537463,0.540178
r2,0.2661423164540201,0.537559,0.540299
r2,0.2662428189665829,0.537623,0.540401
r2,0.26634332147914574,0.537688,0.540503
r2,0.2664438239917085,0.537754,0.540605
r2,0.26654432650427134,0.537819,0.540708
r2,0.2666448290168342,0.537885,0.540813
r2,0.266745331529397,0.53795,0.540911
r2,0.2668458340419598,0.538017,0.541017
r2,0.2669463365545226,0.538083,0.54112
r2,0.26704683906708543,0.53815,0.541224
r2,0.26714734157964826,0.538217,0.541327
r2,0.26724784409221103,0.538282,0.54143
r2,0.26734834660477386,0.53835,0.541534
r2,0.2674488491173367,0.538418,0.541637
r2,0.2675493516298995,0.538485,0.541741
r2,0.2676498541424623,0.538552,0.541845
r2,0.2677503566550251,0.53862,0.541949
r2,0.26785085916758794,0.538687,0.542053
r2,0.26795136168015077,0.538755,0.542156
r2,0.26805186419271354,0.538823,0.54226
r2,0.26815236670527637,0.538891,0.542364
r2,0.2682528692178392,0.538959,0.542469
