param_name,param_value,band_4,band_6
r2,0.3504679560048417,0.743118,0.767234
r2,0.35056845851740454,0.743323,0.767319
r2,0.35066896102996736,0.743527,0.767405
r2,0.35076946354253014,0.743731,0.76749
r2,0.35086996605509296,0.743937,0.767576
r2,0.3509704685676558,0.744143,0.767661
r2,0.3510709710802186,0.74435,0.767747
r2,0.3511714735927814,0.744558,0.767832
r2,0.3512719761053442,0.744767,0.767917
r2,0.35137247861790705,0.744975,0.768002
r2,0.3514729811304699,0.745184,0.768087
r2,0.35157348364303265,0.745394,0.768173
r2,0.3516739861555955,0.745602,0.768257
r2,0.3517744886681583,0.745813,0.768342
r2,0.35187499118072113,0.746023,0.768427
r2,0.3519754936932839,0.746232,0.768512
r2,0.35207599620584673,0.746443,0.768597
r2,0.35217649871840956,0.746654,0.768681
r2,0.3522770012309724,0.746865,0.768766
r2,0.35237750374353516,0.747078,0.768851
r2,0.352478006256098,0.74729,0.768935
r2,0.3525785087686608,0.747504,0.76902
r2,0.35267901128122364,0.747717,0.769105
r2,0.3527795137937864,0.747931,0.76919
r2,0.35288001630634924,0.748145,0.769274
r2,0.35298051881891207,0.748359,0.769359
r2,0.3530810213314749,0.748574,0.769444
r2,0.35318152384403767,0.748789,0.769529
r2,0.3532820263566005,0.749005,0.769615
r2,0.3533825288691633,0.749222,0.7697
r2,0.35348303138172615,0.749437,0.769785
r2,0.3535835338942889,0.749655,0.769871
r2,0.35368403640685175,0.749872,0.769956
r2,0.3537845389194146,0.75009,0.770042
r2,0.3538850414319774,0.750309,0.770127
r2,0.3539855439445402,0.750527,0.770213
r2,0.354086046457103,0.750749,0.770299
r2,0.35418654896966584,0.750969,0.770385
r2,0.35428705148222867,0.75119,0.770471
r2,0.35438755399479144,0.751413,0.770557
r2,0.35448805650735427,0.751635,0.770643
r2,0.3545885590199171,0.751858,0.770729
r2,0.3546890615324799,0.752081,0.770815
r2,0.3547895640450427,0.752304,0.770901
r2,0.3548900665576055,0.752527,0.770986
r2,0.35499056907016835,0.75275,0.771072
r2,0.3550910715827312,0.752973,0.771157
r2,0.35519157409529395,0.753198,0.771243
r2,0.3552920766078568,0.753422,0.771328
r2,0.3553925791204196,0.753646,0.771413
r2,0.35549308163298243,0.75387,0.771495
r2,0.3555935841455452,0.754095,0.77158
r2,0.35569408665810803,0.75432,0.771665
r2,0.35579458917067086,0.754545,0.771751
r2,0.3558950916832337,0.754772,0.771835
r2,0.35599559419579646,0.754999,0.771921
r2,0.3560960967083593,0.755229,0.772007
r2,0.3561965992209221,0.755457,0.772092
r2,0.35629710173348494,0.755685,0.772178
r2,0.3563976042460477,0.755914,0.772263
r2,0.35649810675861054,0.756145,0.77235
r2,0.3565986092711734,0.756374,0.772435
r2,0.3566991117837362,0.756606,0.772524
r2,0.356799614296299,0.756836,0.772609
r2,0.3569001168088618,0.757064,0.772694
r2,0.35700061932142463,0.757298,0.77278
r2,0.35710112183398746,0.757528,0.772865
r2,0.35720162434655023,0.75776,0.77295
r2,0.35730212685911306,0.758012,0.773042
r2,0.3574026293716759,0.758243,0.773127
r2,0.3575031318842387,0.758454,0.773207
r2,0.35760363439680154,0.758687,0.773293
r2,0.3577041369093643,0.75892,0.773378
r2,0.35780463942192714,0.759175,0.773489
r2,0.35790514193448997,0.759409,0.773575
r2,0.3580056444470528,0.759649,0.773672
r2,0.35810614695961557,0.759884,0.773758
r2,0.3582066494721784,0.760097,0.773818
r2,0.3583071519847412,0.760333,0.773904
r2,0.35840765449730405,0.760569,0.77399
r2,0.3585081570098668,0.760813,0.774077
r2,0.35860865952242965,0.76106,0.774165
r2,0.3587091620349925,0.761296,0.77425
r2,0.3588096645475553,0.761536,0.774342
r2,0.3589101670601181,0.761773,0.774428
r2,0.3590106695726809,0.762022,0.77452
r2,0.35911117208524374,0.76226,0.774605
r2,0.35921167459780656,0.762499,0.774691
r2,0.35931217711036934,0.76275,0.774785
r2,0.35941267962293216,0.762985,0.77487
r2,0.359513182135495,0.763229,0.774957
r2,0.3596136846480578,0.763558,0.775053
r2,0.3597141871606206,0.763801,0.775139
r2,0.3598146896731834,0.763957,0.77523
r2,0.35991519218574625,0.764197,0.775316
r2,0.3600156946983091,0.764464,0.775426
r2,0.36011619721087185,0.764715,0.775526
r2,0.3602166997234347,0.764958,0.775612
r2,0.3603172022359975,0.765203,0.775699
r2,0.36041770474856033,0.765448,0.775786
r2,0.3605182072611231,0.765691,0.775883
r2,0.36061870977368593,0.765924,0.775961
r2,0.36071921228624876,0.766172,0.776047
r2,0.3608197147988116,0.766419,0.776134
r2,0.36092021731137436,0.766686,0.776224
r2,0.3610207198239372,0.766989,0.776335
r2,0.3611212223365,0.767237,0.776421
r2,0.36122172484906284,0.767777,0.776551
r2,0.3613222273616256,0.768032,0.776637
r2,0.36142272987418844,0.768308,0.776731
r2,0.36152323238675127,0.76856,0.776804
r2,0.3616237348993141,0.768846,0.776901
r2,0.36172423741187687,0.769104,0.776987
r2,0.3618247399244397,0.769382,0.777095
r2,0.3619252424370025,0.769641,0.777181
r2,0.36202574494956535,0.769932,0.777263
r2,0.3621262474621281,0.770674,0.777501
r2,0.36222674997469095,0.770937,0.777586
r2,0.3623272524872538,0.771201,0.777671
r2,0.3624277549998166,0.7715,0.777771
r2,0.3625282575123794,0.771808,0.777881
r2,0.3626287600249422,0.772105,0.777997
r2,0.36272926253750504,0.772374,0.778082
r2,0.36282976505006787,0.772692,0.778186
r2,0.36293026756263064,0.772962,0.778271
r2,0.36303077007519347,0.773232,0.778357
r2,0.3631312725877563,0.773504,0.778443
r2,0.3632317751003191,0.773776,0.778528
r2,0.3633322776128819,0.774118,0.778638
r2,0.3634327801254447,0.774392,0.778724
r2,0.36353328263800755,0.774665,0.77881
r2,0.3636337851505704,0.776831,0.779301
r2,0.36373428766313315,0.777113,0.779387
r2,0.363834790175696,0.777396,0.779472
r2,0.3639352926882588,0.777827,0.77959
r2,0.36403579520082163,0.777924,0.779631
r2,0.3641362977133844,0.778207,0.779717
r2,0.36423680022594723,0.778491,0.779802
r2,0.36433730273851006,0.778774,0.779888
r2,0.3644378052510729,0.779059,0.779973
r2,0.3645383077636357,0.779344,0.780058
r2,0.3646388102761985,0.779783,0.780175
r2,0.3647393127887613,0.780069,0.780261
r2,0.36483981530132414,0.780344,0.780355
r2,0.36494031781388697,0.780431,0.78064
r2,0.36504082032644974,0.780516,0.780926
r2,0.36514132283901257,0.780601,0.781212
r2,0.3652418253515754,0.780686,0.781497
r2,0.3653423278641382,0.780862,0.782238
r2,0.365442830376701,0.780947,0.782526
r2,0.36554333288926383,0.781032,0.782812
r2,0.36564383540182666,0.781117,0.7831
r2,0.3657443379143895,0.781443,0.785185
r2,0.36584484042695226,0.781527,0.785464
r2,0.3659453429395151,0.781611,0.785744
r2,0.3660458454520779,0.781695,0.786025
r2,0.36614634796464074,0.781779,0.786307
r2,0.3662468504772035,0.781864,0.78659
r2,0.36634735298976634,0.781949,0.786874
r2,0.36644785550232917,0.782034,0.787159
r2,0.366548358014892,0.782119,0.787446
r2,0.36664886052745477,0.782204,0.787732
r2,0.3667493630400176,0.782289,0.78802
r2,0.3668498655525804,0.782375,0.788308
r2,0.36695036806514325,0.782461,0.788598
r2,0.367050870577706,0.782547,0.788889
r2,0.36715137309026885,0.782633,0.78918
r2,0.3672518756028317,0.782719,0.789472
r2,0.3673523781153945,0.782805,0.789765
r2,0.3674528806279573,0.782892,0.790059
r2,0.3675533831405201,0.782978,0.790353
r2,0.36765388565308293,0.783065,0.790648
r2,0.36775438816564576,0.783152,0.790944
r2,0.36785489067820853,0.783274,0.791484
r2,0.36795539319077136,0.783361,0.791781
r2,0.3680558957033342,0.783448,0.792078
r2,0.368156398215897,0.783575,0.792664
r2,0.3682569007284598,0.783685,0.793129
r2,0.3683574032410226,0.783773,0.793428
r2,0.36845790575358545,0.783869,0.793777
r2,0.3685584082661483,0.783956,0.794077
r2,0.36865891077871105,0.784044,0.794377
r2,0.3687594132912739,0.784131,0.794678
r2,0.3688599158038367,0.784345,0.795937
r2,0.36896041831639953,0.784433,0.796241
r2,0.3690609208289623,0.784521,0.796545
r2,0.36916142334152513,0.784609,0.796849
r2,0.36926192585408796,0.784697,0.797152
r2,0.3693624283666508,0.784786,0.797457
r2,0.36946293087921356,0.784874,0.797762
r2,0.3695634333917764,0.784962,0.798067
r2,0.3696639359043392,0.78505,0.798372
r2,0.36976443841690204,0.785138,0.798678
r2,0.3698649409294648,0.785226,0.798983
r2,0.36996544344202764,0.785353,0.799574
r2,0.37006594595459047,0.785443,0.799884
r2,0.3701664484671533,0.785588,0.800639
r2,0.37026695097971607,0.785677,0.800946
r2,0.3703674534922789,0.785769,0.801256
r2,0.3704679560048417,0.785889,0.801758
