param_name,param_value,band_4,band_6
r2,0.2315297414502137,0.517944,0.523202
r2,0.23163024396277654,0.518045,0.523241
r2,0.23173074647533934,0.518147,0.52328
r2,0.23183124898790217,0.518249,0.52332
r2,0.23193175150046497,0.518351,0.523359
r2,0.2320322540130278,0.518453,0.523399
r2,0.2321327565255906,0.518555,0.523438
r2,0.23223325903815342,0.518658,0.523478
r2,0.23233376155071622,0.51876,0.523517
r2,0.23243426406327905,0.518862,0.523557
r2,0.23253476657584185,0.518965,0.523597
r2,0.23263526908840468,0.519068,0.523637
r2,0.23273577160096748,0.519171,0.523677
r2,0.2328362741135303,0.519274,0.523716
r2,0.2329367766260931,0.519376,0.523756
r2,0.23303727913865593,0.519479,0.523796
r2,0.23313778165121873,0.519582,0.523836
r2,0.23323828416378156,0.519686,0.523877
r2,0.23333878667634436,0.519789,0.523917
r2,0.2334392891889072,0.519893,0.523957
r2,0.23353979170147,0.519997,0.523997
r2,0.23364029421403282,0.520101,0.524038
r2,0.23374079672659562,0.520204,0.524078
r2,0.23384129923915845,0.520308,0.524118
r2,0.23394180175172125,0.520412,0.524159
r2,0.23404230426428407,0.520516,0.5242
r2,0.23414280677684687,0.520619,0.52424
r2,0.2342433092894097,0.520723,0.52428
r2,0.2343438118019725,0.52083,0.524323
r2,0.23444431431453533,0.520932,0.524361
r2,0.23454481682709813,0.521032,0.524398
r2,0.23464531933966096,0.521132,0.524433
r2,0.23474582185222376,0.521231,0.524468
r2,0.23484632436478659,0.521327,0.524501
r2,0.23494682687734939,0.521455,0.524567
r2,0.2350473293899122,0.52156,0.524609
r2,0.235147831902475,0.521665,0.52465
r2,0.23524833441503784,0.521769,0.524692
r2,0.23534883692760064,0.521874,0.524734
r2,0.23544933944016347,0.521978,0.524776
r2,0.23554984195272627,0.522082,0.524818
r2,0.2356503444652891,0.522186,0.52486
r2,0.2357508469778519,0.522292,0.524903
r2,0.23585134949041472,0.522397,0.524946
r2,0.23595185200297752,0.522501,0.524989
r2,0.23605235451554035,0.522607,0.525032
r2,0.23615285702810315,0.522712,0.525075
r2,0.23625335954066598,0.52282,0.525119
r2,0.23635386205322878,0.522921,0.525162
r2,0.2364543645657916,0.523026,0.525205
r2,0.2365548670783544,0.52313,0.525248
r2,0.23665536959091724,0.523236,0.525293
r2,0.23675587210348004,0.523342,0.525336
r2,0.23685637461604286,0.523446,0.52538
r2,0.23695687712860566,0.523552,0.525424
r2,0.2370573796411685,0.523656,0.525469
r2,0.2371578821537313,0.523762,0.525513
r2,0.23725838466629412,0.523866,0.525557
r2,0.23735888717885692,0.523971,0.525602
r2,0.23745938969141975,0.524077,0.525646
r2,0.23755989220398255,0.524181,0.525691
r2,0.23766039471654538,0.524284,0.525735
r2,0.23776089722910818,0.52439,0.525779
r2,0.237861399741671,0.524495,0.525824
r2,0.2379619022542338,0.524601,0.52587
r2,0.23806240476679663,0.524706,0.525915
r2,0.23816290727935943,0.524812,0.525961
r2,0.23826340979192226,0.524915,0.526006
r2,0.23836391230448506,0.525022,0.526051
r2,0.2384644148170479,0.525126,0.526096
r2,0.23856491732961072,0.525231,0.526142
r2,0.23866541984217352,0.525336,0.526188
r2,0.23876592235473634,0.525441,0.526233
r2,0.23886642486729914,0.525546,0.526279
r2,0.23896692737986197,0.525651,0.526325
r2,0.23906742989242477,0.525756,0.526371
r2,0.2391679324049876,0.525861,0.526418
r2,0.2392684349175504,0.525966,0.526464
r2,0.23936893743011323,0.526071,0.526511
r2,0.23946943994267603,0.526176,0.526558
r2,0.23956994245523885,0.526281,0.526605
r2,0.23967044496780165,0.526387,0.526653
r2,0.23977094748036448,0.526492,0.5267
r2,0.23987144999292728,0.526597,0.526748
r2,0.2399719525054901,0.526701,0.526795
r2,0.2400724550180529,0.526806,0.526844
r2,0.24017295753061574,0.526891,0.526916
r2,0.24027346004317854,0.52694,0.527019
r2,0.24037396255574137,0.526988,0.527124
r2,0.24047446506830417,0.527037,0.527229
r2,0.240574967580867,0.527085,0.527334
r2,0.2406754700934298,0.527134,0.527439
r2,0.24077597260599262,0.527183,0.527544
r2,0.24087647511855542,0.527232,0.527649
r2,0.24097697763111825,0.527282,0.527754
r2,0.24107748014368105,0.527331,0.527859
r2,0.24117798265624388,0.527381,0.527964
r2,0.24127848516880668,0.52743,0.52807
r2,0.2413789876813695,0.52748,0.528174
r2,0.2414794901939323,0.52753,0.52828
r2,0.24157999270649513,0.52758,0.528385
r2,0.24168049521905793,0.52763,0.52849
r2,0.24178099773162076,0.527681,0.528595
r2,0.24188150024418356,0.527731,0.528699
r2,0.2419820027567464,0.527781,0.528803
r2,0.2420825052693092,0.527832,0.528909
r2,0.24218300778187202,0.527882,0.529013
r2,0.24228351029443482,0.527932,0.529116
r2,0.24238401280699765,0.527984,0.529223
r2,0.24248451531956045,0.528035,0.529328
r2,0.24258501783212327,0.528086,0.529432
r2,0.24268552034468607,0.528137,0.529537
r2,0.2427860228572489,0.528188,0.52964
r2,0.2428865253698117,0.528239,0.529746
r2,0.24298702788237453,0.52829,0.52985
r2,0.24308753039493733,0.528341,0.529954
r2,0.24318803290750016,0.528393,0.530058
r2,0.24328853542006296,0.528444,0.530163
r2,0.24338903793262578,0.528495,0.530267
r2,0.24348954044518858,0.528547,0.530372
r2,0.2435900429577514,0.528599,0.530476
r2,0.2436905454703142,0.52865,0.53058
r2,0.24379104798287704,0.528702,0.530684
r2,0.24389155049543984,0.528753,0.530787
r2,0.24399205300800267,0.528805,0.530891
r2,0.24409255552056547,0.528857,0.530995
r2,0.2441930580331283,0.528909,0.531098
r2,0.2442935605456911,0.528961,0.531203
r2,0.24439406305825392,0.529012,0.531305
r2,0.24449456557081672,0.529065,0.531411
r2,0.24459506808337955,0.529117,0.531514
r2,0.24469557059594235,0.529168,0.531616
r2,0.24479607310850518,0.52922,0.531721
r2,0.24489657562106798,0.529272,0.531824
r2,0.2449970781336308,0.529324,0.531927
r2,0.24509758064619364,0.529377,0.53203
r2,0.24519808315875644,0.529429,0.532134
r2,0.24529858567131924,0.529481,0.532238
r2,0.24539908818388206,0.529533,0.53234
r2,0.2454995906964449,0.529585,0.532442
r2,0.2456000932090077,0.529637,0.532545
r2,0.24570059572157052,0.529688,0.532648
r2,0.24580109823413332,0.529741,0.532751
r2,0.24590160074669615,0.529793,0.532855
r2,0.24600210325925895,0.529845,0.532955
r2,0.24610260577182178,0.529898,0.53306
r2,0.24620310828438458,0.529951,0.533164
r2,0.2463036107969474,0.530004,0.533268
r2,0.2464041133095102,0.530056,0.53337
r2,0.24650461582207303,0.530108,0.533472
r2,0.24660511833463583,0.53016,0.533576
r2,0.24670562084719866,0.530212,0.533678
r2,0.24680612335976146,0.530265,0.533782
r2,0.2469066258723243,0.530318,0.533885
r2,0.2470071283848871,0.53037,0.533989
r2,0.24710763089744991,0.530423,0.534092
r2,0.24720813341001271,0.530475,0.534195
r2,0.24730863592257554,0.530528,0.534299
r2,0.24740913843513834,0.530582,0.534403
r2,0.24750964094770117,0.530634,0.534506
r2,0.24761014346026397,0.530688,0.53461
r2,0.2477106459728268,0.530741,0.534714
r2,0.2478111484853896,0.530795,0.534818
r2,0.24791165099795243,0.530848,0.534922
r2,0.24801215351051523,0.530902,0.535026
r2,0.24811265602307805,0.530956,0.535131
r2,0.24821315853564085,0.53101,0.535235
r2,0.24831366104820368,0.531064,0.53534
r2,0.24841416356076648,0.531118,0.535444
r2,0.2485146660733293,0.531173,0.535548
r2,0.2486151685858921,0.531227,0.535652
r2,0.24871567109845494,0.531282,0.535761
r2,0.24881617361101774,0.531336,0.535863
r2,0.24891667612358057,0.531391,0.535966
r2,0.24901717863614337,0.531447,0.536074
r2,0.2491176811487062,0.531502,0.536178
r2,0.249218183661269,0.531557,0.536283
r2,0.24931868617383182,0.531612,0.536388
r2,0.24941918868639462,0.531667,0.536493
r2,0.24951969119895745,0.531723,0.536599
r2,0.24962019371152025,0.531779,0.536704
r2,0.24972069622408308,0.531835,0.53681
r2,0.24982119873664588,0.531891,0.536915
r2,0.2499217012492087,0.531947,0.53702
r2,0.25002220376177153,0.532003,0.537126
r2,0.2501227062743343,0.532059,0.537231
r2,0.25022320878689713,0.532116,0.537337
r2,0.25032371129945996,0.532172,0.537443
r2,0.2504242138120228,0.532228,0.537547
r2,0.25052471632458556,0.532285,0.537653
r2,0.2506252188371484,0.532342,0.537758
r2,0.2507257213497112,0.532399,0.537863
r2,0.25082622386227404,0.532455,0.537969
r2,0.2509267263748368,0.532512,0.538075
r2,0.25102722888739964,0.532569,0.53818
r2,0.2511277313999625,0.532626,0.538285
r2,0.2512282339125253,0.532682,0.53839
r2,0.25132873642508813,0.532741,0.538497
r2,0.2514292389376509,0.532798,0.538601
r2,0.25152974145021373,0.532855,0.538705
