param_name,param_value,band_4,band_6
r2,0.2731605417603962,0.537658,0.539343
r2,0.27326104427295905,0.537753,0.539418
r2,0.2733615467855219,0.537848,0.539493
r2,0.27346204929808465,0.537943,0.539568
r2,0.2735625518106475,0.538039,0.539643
r2,0.2736630543232103,0.538134,0.539718
r2,0.27376355683577314,0.53823,0.539793
r2,0.2738640593483359,0.538326,0.539869
r2,0.27396456186089874,0.538421,0.539944
r2,0.27406506437346156,0.538517,0.54002
r2,0.2741655668860244,0.538614,0.540095
r2,0.27426606939858716,0.53871,0.540172
r2,0.27436657191115,0.538806,0.540248
r2,0.2744670744237128,0.538903,0.540324
r2,0.27456757693627565,0.539,0.540401
r2,0.2746680794488384,0.539096,0.540478
r2,0.27476858196140125,0.539193,0.540555
r2,0.2748690844739641,0.53929,0.540632
r2,0.2749695869865269,0.539387,0.540709
r2,0.2750700894990897,0.539484,0.540787
r2,0.2751705920116525,0.53958,0.540864
r2,0.27527109452421533,0.539677,0.540942
r2,0.27537159703677816,0.539773,0.54102
r2,0.27547209954934093,0.53987,0.541097
r2,0.27557260206190376,0.539966,0.541175
r2,0.2756731045744666,0.540062,0.541253
r2,0.2757736070870294,0.540158,0.541331
r2,0.2758741095995922,0.540254,0.541409
r2,0.275974612112155,0.54035,0.541487
r2,0.27607511462471784,0.540445,0.541564
r2,0.27617561713728067,0.540542,0.541642
r2,0.27627611964984344,0.540638,0.54172
r2,0.27637662216240627,0.540734,0.541798
r2,0.2764771246749691,0.54083,0.541876
r2,0.2765776271875319,0.540926,0.541954
r2,0.2766781297000947,0.541022,0.542032
r2,0.2767786322126575,0.541118,0.54211
r2,0.27687913472522035,0.541214,0.542188
r2,0.2769796372377832,0.54131,0.542266
r2,0.27708013975034596,0.541406,0.542345
r2,0.2771806422629088,0.541502,0.542423
r2,0.2772811447754716,0.541598,0.542502
r2,0.27738164728803444,0.541694,0.542581
r2,0.2774821498005972,0.54179,0.54266
r2,0.27758265231316004,0.541887,0.54274
r2,0.27768315482572287,0.541983,0.54282
r2,0.2777836573382857,0.54208,0.5429
r2,0.27788415985084847,0.542177,0.54298
r2,0.2779846623634113,0.542274,0.54306
r2,0.2780851648759741,0.542371,0.54314
r2,0.27818566738853695,0.542468,0.543221
r2,0.2782861699010997,0.542565,0.543301
r2,0.27838667241366255,0.542662,0.543382
r2,0.2784871749262254,0.54276,0.543463
r2,0.2785876774387882,0.542857,0.543545
r2,0.278688179951351,0.542954,0.543626
r2,0.2787886824639138,0.543052,0.543708
r2,0.27888918497647663,0.54315,0.543789
r2,0.27898968748903946,0.543247,0.543871
r2,0.27909019000160223,0.543345,0.543953
r2,0.27919069251416506,0.543443,0.544036
r2,0.2792911950267279,0.54354,0.544118
r2,0.2793916975392907,0.543638,0.5442
r2,0.2794922000518535,0.543735,0.544282
r2,0.2795927025644163,0.543833,0.544364
r2,0.27969320507697915,0.543931,0.544447
r2,0.279793707589542,0.544029,0.544529
r2,0.2798942101021048,0.544126,0.544612
r2,0.2799947126146676,0.544224,0.544694
r2,0.2800952151272304,0.544322,0.544777
r2,0.28019571763979323,0.54442,0.54486
r2,0.28029622015235606,0.544518,0.544944
r2,0.28039672266491883,0.544615,0.545027
r2,0.28049722517748166,0.544713,0.545111
r2,0.2805977276900445,0.544811,0.545195
r2,0.2806982302026073,0.544908,0.545279
r2,0.2807987327151701,0.545006,0.545363
r2,0.2808992352277329,0.545104,0.545447
r2,0.28099973774029574,0.545201,0.545531
r2,0.28110024025285857,0.545298,0.545615
r2,0.28120074276542134,0.545395,0.5457
r2,0.28130124527798417,0.545492,0.545784
r2,0.281401747790547,0.545589,0.545868
r2,0.2815022503031098,0.545686,0.545953
r2,0.2816027528156726,0.545782,0.546037
r2,0.2817032553282354,0.545879,0.546122
r2,0.28180375784079825,0.545975,0.546206
r2,0.2819042603533611,0.546072,0.546291
r2,0.28200476286592385,0.546168,0.546375
r2,0.2821052653784867,0.546265,0.54646
r2,0.2822057678910495,0.546361,0.546545
r2,0.28230627040361234,0.546458,0.54663
r2,0.2824067729161751,0.546555,0.546716
r2,0.28250727542873794,0.546652,0.546801
r2,0.28260777794130076,0.546749,0.546887
r2,0.2827082804538636,0.546846,0.546972
r2,0.28280878296642636,0.546944,0.547058
r2,0.2829092854789892,0.547041,0.547144
r2,0.283009787991552,0.547138,0.54723
r2,0.28311029050411485,0.547236,0.547316
r2,0.2832107930166776,0.547333,0.547402
r2,0.28331129552924045,0.54743,0.547488
r2,0.2834117980418033,0.547528,0.547574
r2,0.2835123005543661,0.547625,0.547661
r2,0.2836128030669289,0.547723,0.547747
r2,0.2837133055794917,0.547821,0.547834
r2,0.28381380809205453,0.547918,0.547921
r2,0.28391431060461736,0.548007,0.548016
r2,0.28401481311718013,0.548094,0.548114
r2,0.28411531562974296,0.548181,0.548211
r2,0.2842158181423058,0.548269,0.548309
r2,0.2843163206548686,0.548356,0.548406
r2,0.2844168231674314,0.548443,0.548504
r2,0.2845173256799942,0.548531,0.548602
r2,0.28461782819255704,0.548619,0.548699
r2,0.28471833070511987,0.548707,0.548797
r2,0.28481883321768264,0.548796,0.548895
r2,0.28491933573024547,0.548884,0.548992
r2,0.2850198382428083,0.548973,0.54909
r2,0.2851203407553711,0.549061,0.549187
r2,0.2852208432679339,0.54915,0.549285
r2,0.2853213457804967,0.549239,0.549382
r2,0.28542184829305955,0.549328,0.549479
r2,0.2855223508056224,0.549417,0.549576
r2,0.28562285331818515,0.549506,0.549674
r2,0.285723355830748,0.549595,0.54977
r2,0.2858238583433108,0.549684,0.549867
r2,0.28592436085587364,0.549774,0.549964
r2,0.2860248633684364,0.549862,0.55006
r2,0.28612536588099924,0.549952,0.550157
r2,0.28622586839356207,0.550041,0.550253
r2,0.2863263709061249,0.55013,0.55035
r2,0.28642687341868767,0.550219,0.550446
r2,0.2865273759312505,0.550308,0.550543
r2,0.2866278784438133,0.550398,0.55064
r2,0.28672838095637615,0.550486,0.550737
r2,0.286828883468939,0.550575,0.550835
r2,0.28692938598150175,0.550664,0.550933
r2,0.2870298884940646,0.550754,0.551031
r2,0.2871303910066274,0.550843,0.551129
r2,0.2872308935191902,0.550934,0.551228
r2,0.287331396031753,0.551024,0.551326
r2,0.28743189854431583,0.551114,0.551426
r2,0.28753240105687866,0.551205,0.551525
r2,0.2876329035694415,0.551296,0.551625
r2,0.28773340608200426,0.551388,0.551724
r2,0.2878339085945671,0.551479,0.551824
r2,0.2879344111071299,0.551571,0.551925
r2,0.28803491361969275,0.551664,0.552025
r2,0.2881354161322555,0.551756,0.552125
r2,0.28823591864481835,0.551849,0.552227
r2,0.2883364211573812,0.551941,0.552327
r2,0.288436923669944,0.552034,0.552428
r2,0.2885374261825068,0.552127,0.552529
r2,0.2886379286950696,0.552219,0.552629
r2,0.28873843120763243,0.552313,0.55273
r2,0.28883893372019526,0.552406,0.552831
r2,0.28893943623275803,0.5525,0.552932
r2,0.28903993874532086,0.552594,0.553032
r2,0.2891404412578837,0.552688,0.553133
r2,0.2892409437704465,0.552782,0.553234
r2,0.2893414462830093,0.552876,0.553334
r2,0.2894419487955721,0.55297,0.553434
r2,0.28954245130813494,0.553064,0.553534
r2,0.28964295382069777,0.553159,0.553634
r2,0.28974345633326054,0.553253,0.553734
r2,0.28984395884582337,0.553347,0.553834
r2,0.2899444613583862,0.553442,0.553933
r2,0.290044963870949,0.553537,0.554033
r2,0.2901454663835118,0.553631,0.554132
r2,0.2902459688960746,0.553726,0.554231
r2,0.29034647140863745,0.553821,0.554331
r2,0.2904469739212003,0.553917,0.55443
r2,0.29054747643376305,0.554012,0.554529
r2,0.2906479789463259,0.554108,0.554628
r2,0.2907484814588887,0.554204,0.554728
r2,0.29084898397145154,0.5543,0.554826
r2,0.2909494864840143,0.554396,0.554925
r2,0.29104998899657714,0.554493,0.555024
r2,0.29115049150913996,0.554589,0.555123
r2,0.2912509940217028,0.554685,0.555222
r2,0.29135149653426556,0.554782,0.555321
r2,0.2914519990468284,0.554879,0.55542
r2,0.2915525015593912,0.554975,0.555518
r2,0.29165300407195405,0.555072,0.555617
r2,0.2917535065845168,0.555169,0.555717
r2,0.29185400909707965,0.555266,0.555816
r2,0.2919545116096425,0.555363,0.555915
r2,0.2920550141222053,0.55546,0.556014
r2,0.2921555166347681,0.555557,0.556113
r2,0.2922560191473309,0.555655,0.556213
r2,0.29235652165989373,0.555753,0.556312
r2,0.29245702417245656,0.55585,0.556411
r2,0.29255752668501933,0.555948,0.556511
r2,0.29265802919758216,0.556047,0.556611
r2,0.292758531710145,0.556145,0.55671
r2,0.2928590342227078,0.556244,0.55681
r2,0.29295953673527064,0.556343,0.556909
r2,0.2930600392478334,0.556441,0.557009
r2,0.29316054176039624,0.55654,0.557109
