param_name,param_value,band_4,band_6
r2,0.3588043689177857,0.741356,0.76183
r2,0.35890487143034855,0.741581,0.761913
r2,0.3590053739429114,0.741807,0.761996
r2,0.35910587645547415,0.742035,0.762081
r2,0.359206378968037,0.742259,0.762163
r2,0.3593068814805998,0.742486,0.762247
r2,0.35940738399316263,0.74271,0.76233
r2,0.3595078865057254,0.742919,0.762411
r2,0.35960838901828823,0.743116,0.762491
r2,0.35970889153085106,0.7433,0.76257
r2,0.3598093940434139,0.743597,0.762631
r2,0.35990989655597666,0.743817,0.76272
r2,0.3600103990685395,0.74405,0.76281
r2,0.3601109015811023,0.744278,0.762901
r2,0.36021140409366514,0.744508,0.762992
r2,0.3603119066062279,0.744737,0.763083
r2,0.36041240911879074,0.744969,0.763174
r2,0.36051291163135357,0.745199,0.763266
r2,0.3606134141439164,0.745432,0.763357
r2,0.36071391665647917,0.745664,0.763449
r2,0.360814419169042,0.745899,0.763542
r2,0.36091492168160483,0.746134,0.763634
r2,0.36101542419416766,0.746407,0.763779
r2,0.36111592670673043,0.746644,0.763872
r2,0.36121642921929326,0.746883,0.763966
r2,0.3613169317318561,0.747123,0.764059
r2,0.3614174342444189,0.747355,0.764152
r2,0.3615179367569817,0.747625,0.764277
r2,0.3616184392695445,0.747934,0.764447
r2,0.36171894178210734,0.74817,0.76454
r2,0.36181944429467017,0.748408,0.764633
r2,0.36191994680723294,0.748648,0.764726
r2,0.36202044931979577,0.748889,0.76482
r2,0.3621209518323586,0.749132,0.764913
r2,0.3622214543449214,0.749377,0.765007
r2,0.3623219568574842,0.749623,0.765101
r2,0.362422459370047,0.749868,0.765194
r2,0.36252296188260985,0.75011,0.765287
r2,0.3626234643951727,0.750362,0.765381
r2,0.36272396690773545,0.750613,0.765475
r2,0.3628244694202983,0.750852,0.765565
r2,0.3629249719328611,0.751115,0.765661
r2,0.36302547444542393,0.751369,0.765756
r2,0.3631259769579867,0.751624,0.765848
r2,0.36322647947054953,0.75188,0.765941
r2,0.36332698198311236,0.752137,0.766034
r2,0.3634274844956752,0.752396,0.766127
r2,0.36352798700823796,0.752655,0.76622
r2,0.3636284895208008,0.752916,0.766312
r2,0.3637289920333636,0.753179,0.766406
r2,0.36382949454592645,0.753442,0.766499
r2,0.3639299970584892,0.753706,0.766591
r2,0.36403049957105205,0.753972,0.766684
r2,0.3641310020836149,0.754238,0.766776
r2,0.3642315045961777,0.754506,0.766869
r2,0.3643320071087405,0.754773,0.766962
r2,0.3644325096213033,0.755043,0.767054
r2,0.36453301213386613,0.755313,0.767147
r2,0.36463351464642896,0.755584,0.767239
r2,0.36473401715899173,0.755856,0.767331
r2,0.36483451967155456,0.756478,0.767639
r2,0.3649350221841174,0.756755,0.767732
r2,0.3650355246966802,0.757033,0.767824
r2,0.365136027209243,0.757311,0.767917
r2,0.3652365297218058,0.757591,0.768009
r2,0.36533703223436864,0.757871,0.768102
r2,0.36543753474693147,0.758152,0.768194
r2,0.3655380372594943,0.758433,0.768286
r2,0.36563853977205707,0.758715,0.768378
r2,0.3657390422846199,0.758997,0.76847
r2,0.3658395447971827,0.759281,0.768562
r2,0.36594004730974555,0.759648,0.768758
r2,0.3660405498223083,0.759934,0.768851
r2,0.36614105233487115,0.760381,0.769002
r2,0.366241554847434,0.760669,0.769094
r2,0.3663420573599968,0.760955,0.769185
r2,0.3664425598725596,0.761244,0.769276
r2,0.3665430623851224,0.761533,0.769367
r2,0.36664356489768524,0.761822,0.769459
r2,0.36674406741024806,0.762115,0.76955
r2,0.36684456992281084,0.762409,0.769643
r2,0.36694507243537366,0.762702,0.769733
r2,0.3670455749479365,0.763216,0.770024
r2,0.3671460774604993,0.763508,0.770114
r2,0.3672465799730621,0.763802,0.770205
r2,0.3673470824856249,0.764097,0.770294
r2,0.36744758499818775,0.76461,0.770615
r2,0.3675480875107506,0.764911,0.770706
r2,0.36764859002331335,0.765212,0.770797
r2,0.3677490925358762,0.76551,0.770887
r2,0.367849595048439,0.765811,0.770977
r2,0.36795009756100183,0.766112,0.771066
r2,0.3680506000735646,0.766415,0.771157
r2,0.36815110258612743,0.766717,0.771246
r2,0.36825160509869026,0.767017,0.771333
r2,0.3683521076112531,0.767329,0.771425
r2,0.36845261012381586,0.767635,0.771515
r2,0.3685531126363787,0.767944,0.771604
r2,0.3686536151489415,0.768582,0.771771
r2,0.36875411766150434,0.768894,0.771859
r2,0.3688546201740671,0.76958,0.772403
r2,0.36895512268662994,0.769899,0.772493
r2,0.36905562519919277,0.77022,0.772583
r2,0.3691561277117556,0.770542,0.772673
r2,0.36925663022431837,0.770865,0.772763
r2,0.3693571327368812,0.771187,0.772852
r2,0.369457635249444,0.77151,0.772941
r2,0.36955813776200686,0.772237,0.773086
r2,0.3696586402745696,0.772567,0.773176
r2,0.36975914278713246,0.772895,0.773265
r2,0.3698596452996953,0.773222,0.773355
r2,0.3699601478122581,0.773439,0.773559
r2,0.3700606503248209,0.773528,0.773888
r2,0.3701611528373837,0.773616,0.774219
r2,0.37026165534994654,0.773705,0.774549
r2,0.37036215786250937,0.773793,0.774885
r2,0.37046266037507214,0.773881,0.775217
r2,0.37056316288763497,0.773969,0.77555
r2,0.3706636654001978,0.774056,0.775884
r2,0.3707641679127606,0.774143,0.776216
r2,0.3708646704253234,0.774231,0.776552
r2,0.3709651729378862,0.774317,0.776886
r2,0.37106567545044905,0.774404,0.777222
r2,0.3711661779630119,0.774491,0.777557
r2,0.37126668047557465,0.774577,0.777893
r2,0.3713671829881375,0.774664,0.778228
r2,0.3714676855007003,0.774749,0.778562
r2,0.37156818801326313,0.774835,0.7789
r2,0.3716686905258259,0.774921,0.779234
r2,0.37176919303838873,0.775027,0.779748
r2,0.37186969555095156,0.775112,0.780085
r2,0.3719701980635144,0.775197,0.780421
r2,0.37207070057607716,0.775283,0.780761
r2,0.37217120308864,0.775367,0.781099
r2,0.3722717056012028,0.775452,0.781435
r2,0.37237220811376565,0.775537,0.781774
r2,0.3724727106263285,0.775621,0.782112
r2,0.37257321313889125,0.775705,0.782451
r2,0.3726737156514541,0.775788,0.782784
r2,0.3727742181640169,0.775421,0.781985
r2,0.3728747206765797,0.775506,0.78232
r2,0.3729752231891425,0.775853,0.78305
r2,0.37307572570170533,0.775939,0.783391
r2,0.37317622821426816,0.776024,0.783728
r2,0.373276730726831,0.776108,0.784065
r2,0.37337723323939376,0.776192,0.7844
r2,0.3734777357519566,0.776275,0.784538
r2,0.3735782382645194,0.776359,0.784875
r2,0.37367874077708224,0.776442,0.78521
r2,0.373779243289645,0.776526,0.785545
r2,0.37387974580220784,0.776609,0.785881
r2,0.37398024831477067,0.776692,0.786216
r2,0.3740807508273335,0.776772,0.786546
r2,0.37418125333989627,0.776856,0.786882
r2,0.3742817558524591,0.776938,0.787214
r2,0.3743822583650219,0.77702,0.78755
r2,0.37448276087758475,0.777103,0.787886
r2,0.3745832633901475,0.777184,0.78822
r2,0.37468376590271035,0.777266,0.788553
r2,0.3747842684152732,0.777347,0.788887
r2,0.374884770927836,0.777428,0.789221
r2,0.3749852734403988,0.777509,0.789555
r2,0.3750857759529616,0.77759,0.789886
r2,0.37518627846552444,0.777974,0.790914
r2,0.37528678097808726,0.778055,0.791248
r2,0.37538728349065004,0.778135,0.79158
r2,0.37548778600321286,0.778214,0.791911
r2,0.3755882885157757,0.778607,0.792998
r2,0.3756887910283385,0.778698,0.793426
r2,0.3757892935409013,0.778823,0.794371
r2,0.3758897960534641,0.778899,0.794696
r2,0.37599029856602695,0.778981,0.79503
r2,0.3760908010785898,0.779061,0.795358
r2,0.37619130359115255,0.77914,0.795688
r2,0.3762918061037154,0.779219,0.796018
r2,0.3763923086162782,0.779339,0.796965
r2,0.37649281112884103,0.779418,0.797294
r2,0.3765933136414038,0.779497,0.797625
r2,0.37669381615396663,0.779575,0.797953
r2,0.37679431866652946,0.779652,0.798276
r2,0.3768948211790923,0.779732,0.79861
r2,0.37699532369165506,0.77981,0.798937
r2,0.3770958262042179,0.779886,0.799263
r2,0.3771963287167807,0.779964,0.799591
r2,0.37729683122934354,0.780042,0.79992
r2,0.3773973337419063,0.78012,0.800253
r2,0.37749783625446914,0.780557,0.801534
r2,0.37759833876703197,0.780634,0.801859
r2,0.3776988412795948,0.780712,0.802184
r2,0.37779934379215757,0.780788,0.802508
r2,0.3778998463047204,0.780865,0.80283
r2,0.3780003488172832,0.781156,0.803392
r2,0.37810085132984605,0.781233,0.803714
r2,0.3782013538424088,0.78131,0.804037
r2,0.37830185635497166,0.781591,0.805578
r2,0.3784023588675345,0.781451,0.805588
r2,0.3785028613800973,0.781527,0.805904
r2,0.37860336389266014,0.781602,0.806226
r2,0.3787038664052229,0.781675,0.80654
r2,0.37880436891778574,0.781753,0.806866
